###MJD          m      dm   uJy   duJy F err chi/N     RA       Dec        x        y     maj  min   phi  apfit mag5sig Sky   Obs
59685.425899  23.150 45.600     2   91 o  0   1.34 331.05790 -18.82791  9441.43  7636.76 2.20 1.88   2.1 -0.434 17.41 16.91 04a59685o0898o
59688.109829  20.719  1.375    19   26 o  0   0.88 331.05790 -18.82791  2014.03  5536.27 2.09 2.00 -33.5 -0.472 18.69 18.95 03a59688o0847o
59688.114414 -19.839  0.585   -42   25 o  0   0.92 331.05790 -18.82791  1995.90  5495.72 2.12 1.93 -42.1 -0.449 18.71 18.99 03a59688o0857o
59688.119462  20.225  1.186    30   35 o  0   0.78 331.05790 -18.82791  2053.30  5573.57 2.16 1.99 -25.6 -0.488 18.47 18.85 03a59688o0868o
59688.129638  20.225  0.788    30   23 o  0   1.20 331.05790 -18.82791  2075.85  5456.92 2.07 1.99 -53.7 -0.470 18.78 19.08 03a59688o0890o
59709.271607  22.590  5.667     3   19 o  0   1.38 331.05790 -18.82791  5629.87  1578.57 2.47 2.22 -12.0 -0.385 18.68 19.80 04a59709o0577o
59709.275169  21.559  2.094     9   18 o  0   1.09 331.05790 -18.82791  5609.05  1540.42 2.06 1.93 -20.3 -0.404 18.83 19.86 04a59709o0582o
59709.283979  20.764  0.993    18   18 o  0   1.26 331.05790 -18.82791  5662.07  1617.35 2.00 1.85 -23.1 -0.407 18.82 19.83 04a59709o0598o
59709.294677 -22.654  4.913    -3   16 o  0   1.19 331.05790 -18.82791  5675.45  1499.96 2.13 1.98 -32.7 -0.406 18.94 19.95 04a59709o0616o
59710.384211  21.883  2.375     6   15 o  0   1.06 331.05790 -18.82791  5607.02  1575.08 1.96 1.91  -9.8 -0.435 19.25 20.35 04a59710o0805o
59710.388440  21.365  1.314    10   14 o  0   0.72 331.05790 -18.82791  5588.46  1535.75 1.81 1.76 -22.8 -0.442 19.31 20.38 04a59710o0812o
59710.399055  20.641  0.662    20   13 o  0   0.88 331.05790 -18.82791  5649.71  1612.53 1.77 1.73 -39.8 -0.447 19.33 20.40 04a59710o0831o
59710.410951 -20.980  0.878   -15   13 o  0   0.81 331.05790 -18.82791  5674.80  1494.80 1.75 1.75  67.7 -0.452 19.32 20.36 04a59710o0849o
59711.404529  19.319  0.882    68   60 o  0   1.11 331.05790 -18.82791  5616.65  1573.90 1.91 1.86 -46.7 -0.448 17.39 18.35 04a59711o0957o
59711.410230  20.106  3.268    33  108 o  0   0.83 331.05790 -18.82791  5599.82  1534.46 2.03 1.98  87.3 -0.446 17.01 17.98 04a59711o0969o
59711.421940  18.370  0.762   163  124 o  0   0.94 331.05790 -18.82791  5666.10  1610.57 1.91 1.88 -17.9 -0.430 16.83 17.43 04a59711o0993o
59711.429107 -18.046  0.516  -220  113 o  0   1.33 331.05790 -18.82791  5688.24  1492.90 2.01 1.96 -34.5 -0.430 16.66 16.71 04a59711o1008o
59714.311123 -19.616  0.557   -52   29 o  0   0.97 331.05790 -18.82791  5292.58  9326.55 2.35 1.88 -77.4 -0.403 18.56 18.82 04a59714o0781o
59714.314301  20.524  1.233    22   28 o  0   1.06 331.05790 -18.82791  5270.11  9287.98 2.24 1.83 -80.7 -0.430 18.58 18.89 04a59714o0788o
59714.320656  19.255  0.401    72   29 o  0   0.77 331.05790 -18.82791  5330.30  9365.14 2.26 1.84 -80.6 -0.420 18.64 18.91 04a59714o0802o
59714.592287 -23.320 18.167    -2   31 o  0   1.15 331.05790 -18.82791  3583.54  1697.44 3.52 3.48 -53.8 -0.398 18.24 19.02 01a59714o0779o
59714.598776  19.512  0.644    57   37 o  0   0.87 331.05790 -18.82791  3562.70  1657.64 3.69 3.54 -79.1 -0.388 18.22 19.06 01a59714o0793o
59714.609153 -20.397  1.230   -25   31 o  0   1.20 331.05790 -18.82791  3621.95  1733.34 2.93 2.90 -68.7 -0.457 18.47 19.09 01a59714o0815o
59714.613781 -19.298  0.410   -69   28 o  0   1.46 331.05790 -18.82791  3639.36  1616.20 2.90 2.81 -30.8 -0.476 18.46 18.97 01a59714o0825o
59717.336380 -20.842  1.469   -17   25 o  0   1.06 331.05790 -18.82791  5285.58  9325.80 2.37 1.88 -81.6 -0.403 18.73 19.17 04a59717o0545o
59717.339658  20.883  1.323    16   21 o  0   0.81 331.05790 -18.82791  5265.95  9286.56 2.35 1.87 -80.7 -0.407 18.78 19.18 04a59717o0552o
59717.348323  19.442  0.379    61   23 o  0   1.61 331.05790 -18.82791  5326.27  9364.72 2.39 1.93 -82.3 -0.396 18.75 19.21 04a59717o0570o
59717.359638  21.309  1.955    11   21 o  0   1.28 331.05790 -18.82791  5346.17  9247.60 2.32 1.86 -80.7 -0.408 18.82 19.32 04a59717o0594o
59723.093077 -22.229  5.448    -5   25 o  0   0.93 331.05790 -18.82791  9898.94  1931.85 2.67 2.10 -41.8 -0.392 18.63 19.27 03a59723o0141o
59723.099632  19.944  0.577    38   22 o  0   1.23 331.05790 -18.82791  9881.59  1893.30 2.74 2.07 -46.8 -0.385 18.70 19.27 03a59723o0155o
59723.110651  22.621  8.167     3   26 o  0   0.79 331.05790 -18.82791  9935.51  1971.73 2.87 2.21 -38.4 -0.369 18.50 19.16 03a59723o0178o
59723.113384 -20.688  1.217   -19   23 o  0   1.28 331.05790 -18.82791  9958.58  1855.78 2.90 2.22 -38.8 -0.363 18.53 19.18 03a59723o0184o
59724.129000  22.316  3.613     4   16 o  0   0.63 331.05790 -18.82791  9897.53  1937.02 2.72 2.17 -44.9 -0.389 19.30 20.40 03a59724o0510o
59724.130367 -21.138  0.976   -13   12 o  0   1.61 331.05790 -18.82791  9879.11  1898.56 2.85 2.33 -37.6 -0.382 19.24 20.40 03a59724o0513o
59724.133099  21.047  0.811    14   11 o  0   2.32 331.05790 -18.82791  9935.49  1977.36 2.83 2.33 -42.2 -0.383 19.21 20.41 03a59724o0519o
59724.156219  21.137  1.011    13   13 o  0   1.04 331.05790 -18.82791  9955.11  1863.28 2.78 2.16 -46.3 -0.388 19.36 20.48 03a59724o0564o
59725.383871 -22.092  2.623    -5   14 o  0   0.84 331.05790 -18.82791  8163.86  5815.45 2.00 1.77 -28.9 -0.460 19.40 20.35 04a59725o0731o
59725.386751  21.141  1.094    13   14 o  0   0.73 331.05790 -18.82791  8145.76  5777.04 2.03 1.76 -22.5 -0.450 19.42 20.38 04a59725o0736o
59725.392275  22.168  3.146     5   16 o  0   0.75 331.05790 -18.82791  8205.83  5853.92 2.05 1.75 -24.2 -0.452 19.32 20.34 04a59725o0743o
59725.411920  21.538  1.761     9   16 o  0   1.32 331.05790 -18.82791  8241.16  5735.60 2.10 1.80 -15.0 -0.460 19.06 20.01 04a59725o0778o
59726.415713 -21.268  1.093   -11   12 o  0   0.69 331.05790 -18.82791  8186.15  5813.80 2.14 1.80 -27.1 -0.442 19.49 20.64 04a59726o0855o
59726.417854  24.410 11.833     1    7 o  0   2.30 331.05790 -18.82791  8169.04  5774.82 2.06 1.79 -30.9 -0.464 19.48 20.68 04a59726o0859o
59726.425589  20.991  0.721    15   10 o  0   1.04 331.05790 -18.82791  8234.28  5851.31 2.16 1.78 -26.8 -0.432 19.45 20.58 04a59726o0871o
59726.430445   0.000 21.048    -0   14 o  0   1.06 331.05790 -18.82791  8258.35  5734.44 2.21 1.86 -24.7 -0.435 19.37 20.40 04a59726o0879o
59727.132360  21.575  1.473     8   12 o  0   1.20 331.05790 -18.82791  9889.94  1936.50 2.82 2.26 -35.2 -0.392 19.36 20.66 03a59727o0627o
59727.152583 -22.704  3.783    -3   11 o  0   1.05 331.05790 -18.82791  9868.45  1902.24 2.65 2.00 -48.1 -0.406 19.48 20.61 03a59727o0668o
59727.156813  20.778  0.771    18   14 o  0   0.91 331.05790 -18.82791  9923.92  1981.19 2.67 2.09 -42.0 -0.396 19.43 20.62 03a59727o0677o
59727.176340 -21.029  1.218   -14   17 o  0   1.13 331.05790 -18.82791  9942.16  1869.47 2.92 2.33 -24.5 -0.371 19.08 20.03 03a59727o0712o
59731.105293  21.384  1.169    10   12 o  0   1.22 331.05790 -18.82791  5842.04  5461.75 2.30 2.15  51.0 -0.492 19.47 20.66 03a59731o0793o
59731.107128  20.248  0.527    29   15 o  0   0.60 331.05790 -18.82791  5824.46  5423.55 2.37 2.28  45.5 -0.470 19.42 20.66 03a59731o0797o
59731.109984  21.362  1.370    10   14 o  0   0.82 331.05790 -18.82791  5880.66  5501.89 2.39 2.25  55.9 -0.486 19.41 20.67 03a59731o0802o
59731.115678  20.179  0.401    31   12 o  0   1.36 331.05790 -18.82791  5901.72  5388.14 2.31 2.12  58.2 -0.498 19.49 20.69 03a59731o0814o
59735.134023  20.639  0.549    20   11 o  0   1.22 331.05790 -18.82791  5828.96  5464.21 2.21 2.12  64.8 -0.479 19.60 20.95 03a59735o0868o
59735.137155  20.857  0.717    16   12 o  0   1.02 331.05790 -18.82791  5811.74  5424.35 2.16 2.07  65.4 -0.487 19.65 21.01 03a59735o0873o
59735.141626 -20.946  0.587   -15    9 o  0   1.64 331.05790 -18.82791  5864.45  5505.53 2.23 2.13  49.2 -0.476 19.58 21.00 03a59735o0881o
59735.146858  21.336  1.250    11   13 o  0   0.90 331.05790 -18.82791  5885.19  5391.75 2.14 2.13  67.8 -0.472 19.55 20.95 03a59735o0890o
59736.099417 -22.255  2.731    -5   12 o  0   0.95 331.05790 -18.82791  5643.94  1597.70 2.82 2.50 -20.8 -0.411 19.36 20.89 03a59736o0780o
59736.102685 -20.765  0.669   -18   12 o  0   0.96 331.05790 -18.82791  5627.36  1557.34 2.58 2.38 -27.9 -0.412 19.41 20.89 03a59736o0786o
59736.106074  22.293  2.552     4   11 o  0   1.07 331.05790 -18.82791  5683.11  1636.45 2.60 2.36 -19.9 -0.409 19.46 20.88 03a59736o0793o
59736.112006   0.000 21.188    -0   12 o  0   1.33 331.05790 -18.82791  5701.99  1521.88 3.12 2.43  -6.8 -0.388 19.30 20.88 03a59736o0805o
59737.393514 -26.352 127.000    -0   13 o  0   0.90 331.05790 -18.82791  8087.57  3879.82 2.19 1.79 -22.8 -0.430 19.37 20.43 04a59737o0936o
59737.395851  19.769  0.350    45   16 o  0   1.02 331.05790 -18.82791  8069.64  3841.14 2.51 2.21 -51.1 -0.396 19.23 20.41 04a59737o0939o
59737.413929  22.819  4.241     3   12 o  0   0.83 331.05790 -18.82791  2546.50  6699.08 2.09 1.75 -88.0 -0.400 19.43 20.52 04a59737o0973o
59737.421992  25.144 30.333     0   10 o  0   1.48 331.05790 -18.82791  8174.59  3797.85 2.23 1.81 -26.0 -0.422 19.39 20.48 04a59737o0988o
59740.577376  20.925  0.699    16   11 c  0   1.12 331.05790 -18.82791   505.00  4869.62 2.57 2.40   6.6 -0.404 19.47 21.09 02a59740o0727c
59740.581572  20.614  0.489    21   10 c  0   1.08 331.05790 -18.82791   525.36  4906.81 2.57 2.40   3.0 -0.402 19.45 21.08 02a59740o0736c
59740.603364  20.137  0.412    32   13 c  0   0.87 331.05790 -18.82791   467.21  4829.69 2.57 2.38   8.4 -0.401 19.44 21.00 02a59740o0783c
59740.608418  22.291  4.444     4   20 c  0   0.76 331.05790 -18.82791 10501.91  4843.76 2.63 2.55  -2.5 -0.425 19.29 20.65 02a59740o0794c
59740.608875  20.463  0.453    24   11 c  0   1.73 331.05790 -18.82791   448.44  4947.26 2.60 2.39   6.5 -0.388 19.27 20.59 02a59740o0795c
59740.614926  19.468  0.486    59   29 c  0   1.26 331.05790 -18.82791 10481.84  4959.65 2.84 2.69   1.6 -0.416 18.54 19.64 02a59740o0808c
59741.342342  18.070  0.064   215   14 o  0  52.72 331.05790 -18.82791  8058.86  3883.34 2.00 1.71 -23.1 -0.451 19.45 20.51 04a59741o0700o
59741.345802  22.256  2.396     4   11 o  0   0.95 331.05790 -18.82791  8041.58  3845.19 2.02 1.74 -23.1 -0.452 19.51 20.59 04a59741o0706o
59741.349192   0.000 21.305    -0   11 o  0   1.11 331.05790 -18.82791  8101.17  3921.57 2.07 1.72 -23.2 -0.452 19.49 20.62 04a59741o0712o
59741.357255  21.066  0.816    14   11 o  0   0.83 331.05790 -18.82791  8126.49  3804.78 1.91 1.68 -26.3 -0.487 19.55 20.73 04a59741o0728o
59742.363709  21.598  1.938     8   16 o  0   0.56 331.05790 -18.82791  8076.14  3881.00 2.03 1.76 -23.2 -0.475 19.22 20.04 04a59742o0793o
59742.367956  16.999  0.025   576   14 o  0 168.66 331.05790 -18.82791  8058.73  3842.92 2.13 1.72 -17.7 -0.442 19.24 20.08 04a59742o0800o
59742.371447  22.482  4.081     4   15 o  0   0.86 331.05790 -18.82791  8119.89  3919.53 2.21 1.74 -20.3 -0.431 19.25 20.11 04a59742o0806o
59742.381677 -23.972 15.125    -1   14 o  0   1.34 331.05790 -18.82791  8149.52  3802.15 2.26 1.74 -20.8 -0.425 19.36 20.32 04a59742o0824o
59743.141332 -17.147  0.740  -502  372 o  0   0.84 331.05790 -18.82791  4803.93  8952.74 2.69 2.43  -3.4 -0.398 15.77 15.91 03a59743o0195o
59743.144976 -19.764  2.324   -45  105 o  0   1.19 331.05790 -18.82791  4819.63  8992.55 2.66 2.56  -9.0 -0.374 16.92 17.30 03a59743o0203o
59743.151210  16.424  0.568   978  555 o  0   0.87 331.05790 -18.82791  4762.80  8915.04 2.76 2.69   6.1 -0.359 15.47 15.84 03a59743o0213o
59743.186878  17.609  0.645   328  212 o  0   1.07 331.05790 -18.82791  4732.14  9037.84 2.79 2.51  -0.2 -0.384 16.27 16.94 03a59743o0275o
59745.353291  20.950  1.486    15   22 o  0   1.67 331.05790 -18.82791  7629.79  9707.83 2.58 2.30 -84.6 -0.337 18.60 18.92 04a59745o0750o
59745.356450  20.007  0.811    36   29 o  0   1.06 331.05790 -18.82791  7612.64  9668.19 2.62 2.25 -86.4 -0.331 18.59 18.92 04a59745o0756o
59745.381689  21.150  2.202    13   28 o  0   1.00 331.05790 -18.82791  7695.10  9744.87 2.65 2.32 -73.8 -0.329 18.59 18.95 04a59745o0768o
59745.388924  19.269  0.362    71   26 o  0   1.31 331.05790 -18.82791  3009.70   999.89 2.49 2.07  53.0 -0.399 18.53 18.93 04a59745o0779o
59767.082308  20.743  0.743    18   14 o  0   0.73 331.05790 -18.82791  3117.39  2741.56 2.36 2.17   1.7 -0.435 19.48 20.82 03a59767o0740o
59767.087374  20.201  0.423    30   13 o  0   1.07 331.05790 -18.82791  3133.43  2781.51 2.24 2.16 -33.7 -0.447 19.52 20.83 03a59767o0750o
59767.090828  20.342  0.483    26   13 o  0   0.92 331.05790 -18.82791  3075.85  2704.14 2.34 2.22   5.0 -0.434 19.48 20.81 03a59767o0757o
59767.123790 -24.595 23.667    -0   12 o  0   1.46 331.05790 -18.82791  3045.35  2825.80 2.89 2.52  -5.1 -0.408 19.25 20.62 03a59767o0820o
59768.046930  20.073  0.383    34   13 o  0   1.19 331.05790 -18.82791  7973.83  3908.44 3.38 2.46   2.4 -0.421 19.32 20.95 03a59768o0679o
59768.048759 -21.155  1.060   -12   13 o  0   1.28 331.05790 -18.82791  7954.11  3869.68 3.29 2.32   2.9 -0.423 19.36 20.96 03a59768o0683o
59768.052681  20.772  0.685    18   12 o  0   1.04 331.05790 -18.82791  8009.98  3948.33 2.75 2.34   2.3 -0.434 19.43 20.93 03a59768o0689o
59768.058065  21.310  1.260    11   14 o  0   1.45 331.05790 -18.82791  8029.87  3834.45 3.58 2.45   1.2 -0.434 19.25 20.93 03a59768o0698o
59769.327141  19.871  0.333    41   14 o  0   1.10 331.05790 -18.82791   552.14  4925.49 2.78 2.31  58.4 -0.369 19.36 20.85 04a59769o0730o
59769.330251  19.979  0.384    37   14 o  0   1.10 331.05790 -18.82791   572.10  4960.90 2.97 2.49  60.3 -0.363 19.27 20.79 04a59769o0736o
59769.336289  19.807  0.328    43   14 o  0   1.23 331.05790 -18.82791 10214.02  5728.19 3.25 2.49 -18.4 -0.376 19.27 20.78 04a59769o0747o
59769.340007 -19.057  0.469   -86   40 o  0   1.60 331.05790 -18.82791 10526.22  4972.46 3.50 2.45 -20.0 -0.354 19.27 20.84 04a59769o0753o
59769.368418 -23.177  6.417    -2   12 o  0   1.13 331.05790 -18.82791   507.64  4963.00 2.97 2.40  55.0 -0.346 19.24 20.77 04a59769o0803o
59773.187689 -18.744  1.675  -115  193 o  0   0.41 331.05790 -18.82791    64.28  5727.40 2.71 2.14  57.1 -0.353 18.16 18.14 04a59773o0468o
59773.193601 -20.319  2.451   -27   66 o  0   0.95 331.05790 -18.82791    45.75  5688.55 2.63 2.14  58.2 -0.352 18.19 18.15 04a59773o0478o
59773.198023 -19.957  2.249   -38   85 o  0   0.59 331.05790 -18.82791   106.70  5765.28 2.77 2.18  59.8 -0.343 18.19 18.17 04a59773o0486o
59773.202952 -20.731  2.379   -18   44 o  0   0.80 331.05790 -18.82791 10086.54  5698.22 2.72 2.02 -16.4 -0.414 18.28 18.30 04a59773o0496o
59773.205988 -20.867  2.667   -16   44 o  0   0.96 331.05790 -18.82791 10067.28  5659.79 2.81 2.08 -17.2 -0.402 18.24 18.31 04a59773o0502o
59773.209144 -21.650  5.444    -8   43 o  0   0.91 331.05790 -18.82791   127.22  5649.05 2.69 2.13  59.6 -0.342 18.22 18.26 04a59773o0508o
59773.209595 -19.975  1.113   -37   41 o  0   0.93 331.05790 -18.82791 10127.44  5736.42 2.77 2.05 -16.6 -0.403 18.26 18.33 04a59773o0509o
59773.222065 -19.941  0.907   -38   35 o  0   1.50 331.05790 -18.82791 10149.54  5619.55 2.82 2.07 -15.5 -0.393 18.32 18.38 04a59773o0534o
59781.255640  19.658  0.541    50   27 o  0   1.35 331.05790 -18.82791  1807.82  1750.97 2.41 1.83  47.6 -0.415 18.79 20.02 04a59781o0588o
59781.258751  20.397  0.835    25   21 o  0   1.38 331.05790 -18.82791  1790.61  1711.01 2.45 1.81  47.8 -0.419 18.60 19.92 04a59781o0594o
59781.266174  20.410  0.529    25   13 o  0   0.93 331.05790 -18.82791  1856.02  1789.40 2.38 1.83  46.5 -0.423 19.44 20.74 04a59781o0607o
59781.271375  21.473  1.836     9   17 o  0   1.46 331.05790 -18.82791  1879.45  1672.10 2.36 1.77  47.8 -0.425 19.41 20.74 04a59781o0615o
59782.333023  19.857  0.363    41   15 o  0   0.83 331.05790 -18.82791  8874.40  8828.83 2.55 2.43 -35.7 -0.376 19.34 20.63 04a59782o0741o
59782.335715  20.215  0.400    30   12 o  0   1.50 331.05790 -18.82791  8892.85  8866.36 2.54 2.40 -57.4 -0.396 19.43 20.65 04a59782o0746o
59782.341620  20.997  0.816    14   12 o  0   1.48 331.05790 -18.82791  8835.20  8783.43 2.51 2.32 -50.2 -0.391 19.36 20.60 04a59782o0756o
59782.376823 -24.103 16.000    -1   13 o  0   1.27 331.05790 -18.82791  8816.78  8882.87 2.60 2.48 -57.5 -0.389 19.22 20.48 04a59782o0815o
59785.341669  19.639  0.307    51   16 o  0   0.92 331.05790 -18.82791  2698.50  8617.61 3.19 2.57 -81.9 -0.353 18.93 20.75 04a59785o0749o
59785.344569  20.303  0.456    28   12 o  0   1.27 331.05790 -18.82791  2716.78  8654.68 3.23 2.65 -79.2 -0.350 19.26 21.16 04a59785o0754o
59785.350362  19.772  0.326    45   15 o  0   1.42 331.05790 -18.82791  2659.15  8573.62 3.06 2.48 -85.0 -0.351 19.04 20.87 04a59785o0764o
59785.376921  20.108  0.421    33   14 o  0   1.42 331.05790 -18.82791  2639.02  8677.56 2.99 2.48 -84.6 -0.356 19.29 21.07 04a59785o0807o
59786.244880  20.179  0.368    31   11 o  0   0.74 331.05790 -18.82791  7978.66  1941.40 2.57 2.12 -22.2 -0.397 19.44 20.89 04a59786o0566o
59786.251325  20.033  0.304    35   11 o  0   1.42 331.05790 -18.82791  7966.06  1902.62 2.56 2.11 -22.5 -0.404 19.43 20.92 04a59786o0576o
59786.255062  19.969  0.317    37   12 o  0   1.12 331.05790 -18.82791  8027.14  1979.12 2.65 2.21 -21.7 -0.395 19.35 20.86 04a59786o0581o
59786.269235  19.917  0.372    39   15 o  0   1.01 331.05790 -18.82791  8058.37  1860.43 3.04 2.54 -22.2 -0.371 19.22 20.84 04a59786o0604o
59789.273215  20.223  0.326    30   10 c  0   1.35 331.05790 -18.82791  2683.08  8673.74 2.75 2.24 -79.4 -0.365 19.57 21.52 04a59789o0543c
59789.278876  20.213  0.354    30   11 c  0   0.94 331.05790 -18.82791  8001.27  1899.06 2.67 2.07 -20.2 -0.387 19.57 21.51 04a59789o0553c
59789.298297  20.073  0.292    34   10 c  0   0.82 331.05790 -18.82791  2653.04  8609.26 2.70 2.12 -81.9 -0.367 19.73 21.68 04a59789o0584c
59789.301510  22.589  2.583     3    9 c  0   1.07 331.05790 -18.82791  2633.10  8722.83 2.79 2.10 -81.3 -0.371 19.66 21.65 04a59789o0590c
59792.000214  20.452  0.379    24    9 c  0   1.22 331.05790 -18.82791  3118.70  9324.70 2.51 2.33 -58.7 -0.389 19.78 21.73 03a59792o0557c
59792.005038  20.682  0.399    19    8 c  0   1.22 331.05790 -18.82791  3098.41  9286.85 2.41 2.26 -62.3 -0.393 19.82 21.71 03a59792o0565c
59792.031659  20.327  0.363    27   10 c  0   1.17 331.05790 -18.82791  7276.53  1154.74 2.95 2.71  33.0 -0.408 19.73 21.71 03a59792o0609c
59792.056083  20.338  0.302    27    8 c  0   1.32 331.05790 -18.82791  7247.13  1274.90 2.51 2.37  20.6 -0.421 19.83 21.72 03a59792o0649c
59793.280576  20.673  0.510    20   10 c  0   1.22 331.05790 -18.82791  9440.91  3038.22 2.84 1.98 -21.6 -0.402 19.72 21.62 04a59793o0606c
59793.284139  21.604  1.017     8    8 c  0   1.67 331.05790 -18.82791  9460.56  3074.92 2.84 1.99 -22.0 -0.404 19.71 21.60 04a59793o0613c
59793.289550  20.542  0.477    22   10 c  0   0.81 331.05790 -18.82791  9402.45  2991.53 2.92 2.06 -20.7 -0.387 19.69 21.63 04a59793o0625c
59793.300256  20.284  0.386    28   11 c  0   0.91 331.05790 -18.82791  9383.34  3099.77 3.01 2.03 -22.9 -0.396 19.67 21.63 04a59793o0646c
59796.015994  20.327  0.286    27    8 c  0   1.25 331.05790 -18.82791  7311.72  1191.28 2.46 2.33   6.9 -0.414 19.88 21.92 03a59796o0642c
59796.019434  20.113  0.251    33    8 c  0   1.27 331.05790 -18.82791  7329.99  1231.16 2.57 2.49   2.1 -0.407 19.83 21.90 03a59796o0649c
59796.024827  20.037  0.233    35    8 c  0   1.33 331.05790 -18.82791  7271.58  1152.84 2.67 2.55  -4.8 -0.401 19.82 21.92 03a59796o0660c
59796.035715  19.966  0.225    38    8 c  0   1.17 331.05790 -18.82791  7244.74  1270.40 2.62 2.50  -1.6 -0.407 19.82 21.87 03a59796o0681c
59797.197873  19.468  0.255    59   15 o  0   0.99 331.05790 -18.82791  1255.23  7569.70 2.99 2.33  81.5 -0.356 19.25 20.63 04a59797o0480o
59797.199224  20.538  0.781    22   17 o  0   0.72 331.05790 -18.82791  1236.20  7530.06 3.03 2.33  85.1 -0.358 19.21 20.62 04a59797o0483o
59797.202773  20.333  0.580    27   16 o  0   1.06 331.05790 -18.82791  1298.10  7608.00 2.95 2.29  82.8 -0.354 19.28 20.69 04a59797o0488o
59797.207970  21.212  1.262    12   15 o  0   0.86 331.05790 -18.82791  1322.51  7490.37 2.75 2.19  85.0 -0.365 19.35 20.76 04a59797o0499o
59799.899319  18.542  0.437   139   61 o  0   1.41 331.05790 -18.82791  9981.05  5748.01 2.62 2.22 -26.7 -0.344 17.82 17.91 03a59800o0382o
59799.903076  18.821  0.498   108   54 o  0   1.28 331.05790 -18.82791  9962.40  5708.83 2.51 2.15 -33.2 -0.365 17.70 17.74 03a59800o0390o
59799.908970  18.939  0.685    96   66 o  0   0.89 331.05790 -18.82791 10018.20  5788.56 2.97 2.36  -7.5 -0.325 17.56 17.68 03a59800o0401o
59799.910789 -20.822  5.804   -17   99 o  0   1.22 331.05790 -18.82791    41.33  5452.23 2.68 2.37 -18.9 -0.341 17.20 17.11 03a59800o0405o
59799.919977 -19.311  0.897   -68   61 o  0   1.05 331.05790 -18.82791 10038.85  5674.45 2.72 2.28 -11.2 -0.336 17.56 17.65 03a59800o0421o
59801.148962  20.493  1.327    23   31 o  0   1.36 331.05790 -18.82791  5749.27  3517.59 1.85 1.75 -33.7 -0.440 18.34 18.56 04a59801o0422o
59801.152477  20.441  0.980    24   24 o  0   1.19 331.05790 -18.82791  5731.56  3478.90 1.80 1.70 -29.6 -0.439 18.46 18.52 04a59801o0429o
59801.157964 -23.379 15.211    -2   25 o  0   1.31 331.05790 -18.82791  5791.80  3555.66 1.85 1.76 -28.4 -0.434 18.48 18.61 04a59801o0441o
59801.170457  19.983  0.832    37   31 o  0   1.09 331.05790 -18.82791  5816.57  3438.71 1.89 1.78 -30.0 -0.450 18.19 18.29 04a59801o0467o
59806.282046  17.221  0.397   469  186 o  0   0.96 331.05790 -18.82791  4900.13  7053.61 2.76 2.42 -79.0 -0.352 16.32 16.37 04a59806o0557o
59806.285588 -15.686  1.082 -1930 2088 o  0   1.30 331.05790 -18.82791  4921.21  7090.97 2.59 2.23 -83.1 -0.349 13.75 13.51 04a59806o0564o
59806.290585  18.401  2.605   158  412 o  0   1.20 331.05790 -18.82791  4865.24  7010.96 2.46 2.07 -80.9 -0.413 15.44 15.13 04a59806o0574o
59807.006906 -21.758  6.552    -7   47 o  0   0.70 331.05790 -18.82791 10445.25  4988.99 3.09 2.57  -4.9 -0.363 18.23 18.81 03a59807o0587o
59807.010840  19.297  0.412    69   29 o  0   0.85 331.05790 -18.82791 10461.37  5026.85 2.87 2.44  -9.3 -0.341 18.45 19.22 03a59807o0594o
59807.017977  18.733  0.708   117   83 o  0   0.80 331.05790 -18.82791 10402.01  4947.80 3.35 2.46   1.4 -0.362 17.49 17.94 03a59807o0606o
59807.028611  18.190  0.916   192  176 o  0   0.57 331.05790 -18.82791 10378.40  5063.08 2.56 2.43 -23.8 -0.368 16.84 16.80 03a59807o0622o
59807.063964  21.864  4.063     6   26 o  0   1.08 331.05790 -18.82791   440.96  4749.11 2.98 2.61 -12.3 -0.421 18.57 19.46 03a59807o0683o
59807.068210  21.771  3.794     7   27 o  0   0.74 331.05790 -18.82791   458.95  4787.76 3.05 2.61  -9.3 -0.390 18.53 19.36 03a59807o0690o
59807.075158  22.966 12.083     2   29 o  0   0.69 331.05790 -18.82791   402.78  4710.07 3.05 2.57  -7.6 -0.401 18.62 19.46 03a59807o0702o
59807.086991  19.511  0.397    57   23 o  0   1.01 331.05790 -18.82791   381.91  4826.35 2.77 2.46 -19.3 -0.377 18.77 19.56 03a59807o0722o
59807.311542  20.523  0.633    22   14 o  0   1.21 331.05790 -18.82791  4895.37  7041.27 1.98 1.72 -75.4 -0.405 19.13 19.91 04a59807o0777o
59807.317992 -21.206  1.351   -12   16 o  0   0.82 331.05790 -18.82791  4913.08  7077.94 2.03 1.71 -79.6 -0.406 19.10 19.88 04a59807o0791o
59807.321827  19.805  0.358    43   16 o  0   1.10 331.05790 -18.82791  4854.28  6999.28 2.09 1.80 -80.1 -0.399 19.05 19.85 04a59807o0799o
59807.357292  20.079  0.421    34   14 o  0   1.49 331.05790 -18.82791  4824.43  7102.03 2.22 1.87 -80.2 -0.374 18.91 19.66 04a59807o0876o
59807.920612  20.181  0.344    31   11 o  0   2.00 331.05790 -18.82791  1773.45  1623.42 2.26 2.11 -40.4 -0.432 19.35 20.43 03a59808o0427o
59807.942823  20.544  0.635    22   14 o  0   1.25 331.05790 -18.82791  1753.04  1584.73 2.49 2.23 -10.6 -0.453 19.22 20.36 03a59808o0464o
59807.949211  19.733  0.332    46   15 o  0   0.79 331.05790 -18.82791  1803.77  1668.66 2.29 2.08 -41.5 -0.429 19.32 20.36 03a59808o0476o
59807.953213  19.886  0.424    40   17 o  0   0.63 331.05790 -18.82791  8602.56  8955.53 2.50 2.16 -48.1 -0.411 19.30 20.34 03a59808o0484o
59809.225442  20.654  0.464    20    9 o  0   2.43 331.05790 -18.82791  5529.15  3227.41 2.03 1.95  -8.5 -0.419 19.35 20.73 04a59809o0561o
59809.239726  19.966  0.309    38   12 o  0   0.88 331.05790 -18.82791  5552.41  3253.54 1.94 1.75 -17.0 -0.418 19.36 20.62 04a59809o0589o
59809.243174  20.153  0.322    32   10 o  0   1.72 331.05790 -18.82791  5495.54  3172.34 1.99 1.83 -24.3 -0.412 19.36 20.63 04a59809o0596o
59809.259952  19.434  0.226    61   14 o  0   0.91 331.05790 -18.82791  5476.68  3275.76 2.14 1.98 -18.8 -0.414 19.33 20.71 04a59809o0629o
59810.211427  20.371  0.209    26    5 c  0   2.25 331.05790 -18.82791  5517.55  3241.22 2.07 1.94 -18.4 -0.408 19.85 21.82 04a59810o0440c
59810.221961  20.204  0.244    30    7 c  0   1.26 331.05790 -18.82791  5541.28  3269.52 2.03 1.91 -25.5 -0.401 19.82 21.78 04a59810o0459c
59810.225645  19.931  0.178    39    7 c  0   1.54 331.05790 -18.82791  5484.46  3188.01 2.17 1.93 -19.1 -0.402 19.78 21.70 04a59810o0464c
59810.230125  20.078  0.227    34    8 c  0   1.17 331.05790 -18.82791  5466.63  3299.85 2.09 1.97 -13.6 -0.398 19.76 21.61 04a59810o0471c
59811.950798  19.569  0.435    54   24 o  0   1.25 331.05790 -18.82791  8657.45  8882.56 3.83 2.97  11.3 -0.531 18.91 20.76 03a59812o0528o
59811.953974  20.491  0.756    23   18 o  0   1.10 331.05790 -18.82791  8675.06  8922.55 3.20 2.67   8.6 -0.470 19.18 20.82 03a59812o0535o
59811.964068  20.052  0.273    35    9 o  0   1.26 331.05790 -18.82791  8613.92  8843.92 2.41 2.10 -47.2 -0.421 19.70 21.17 03a59812o0557o
59811.969601  19.628  0.190    51   10 o  0   1.04 331.05790 -18.82791  8590.93  8961.52 2.39 2.00 -41.2 -0.416 19.70 21.18 03a59812o0569o
59814.217893  20.398  0.271    25    7 c  0   1.62 331.05790 -18.82791  5528.35  3223.31 2.12 1.94 -11.4 -0.395 19.79 21.74 04a59814o0554c
59814.222986  19.699  0.157    48    8 c  0   1.29 331.05790 -18.82791  5549.46  3257.07 2.18 1.95 -19.3 -0.390 19.76 21.74 04a59814o0564c
59814.226590  20.058  0.207    34    7 c  0   1.67 331.05790 -18.82791  5491.41  3175.88 2.22 1.94 -15.3 -0.391 19.75 21.77 04a59814o0572c
59814.241700  19.687  0.199    48   10 c  0   0.81 331.05790 -18.82791  5473.99  3279.05 2.13 1.91 -11.8 -0.396 19.79 21.73 04a59814o0603c
59814.953551  19.462  0.215    60   13 o  0   0.85 331.05790 -18.82791  8646.80  8882.31 2.61 2.21 -43.8 -0.409 19.50 20.95 03a59815o0474o
59814.956707  19.432  0.195    61   12 o  0   1.21 331.05790 -18.82791  8663.64  8922.27 2.62 2.16 -42.3 -0.406 19.53 20.95 03a59815o0481o
59814.962137  19.463  0.194    60   12 o  0   0.93 331.05790 -18.82791  8605.01  8843.02 2.72 2.30 -41.6 -0.397 19.47 20.97 03a59815o0493o
59814.972710  20.374  0.419    26   11 o  0   1.58 331.05790 -18.82791  8579.40  8960.52 2.63 2.22 -40.5 -0.409 19.53 21.00 03a59815o0516o
59815.883415  18.808  0.880   109   96 o  0   0.94 331.05790 -18.82791  7967.57  2000.67 2.52 2.38 -39.2 -0.417 17.45 19.03 03a59816o0350o
59817.204208  19.830  0.193    42    8 c  0   1.34 331.05790 -18.82791   657.72  6850.00 2.53 2.08  82.3 -0.372 19.82 21.72 04a59817o0527c
59817.212344  19.986  0.222    37    8 c  0   1.35 331.05790 -18.82791   679.22  6881.01 2.37 2.03  79.1 -0.385 19.82 21.73 04a59817o0544c
59817.215539  19.648  0.177    50    9 c  0   1.06 331.05790 -18.82791   621.83  6801.03 2.41 2.00  79.2 -0.379 19.83 21.76 04a59817o0551c
59817.232090  19.725  0.199    47    9 c  0   0.94 331.05790 -18.82791   604.68  6902.65 2.46 2.03  82.3 -0.380 19.80 21.75 04a59817o0587c
59818.147776  20.904  1.193    16   19 c  0   0.75 331.05790 -18.82791    31.17  3806.48 2.89 2.00  47.7 -0.352 19.75 21.72 04a59818o0399c
59818.149588  19.749  0.171    46    8 c  0   1.96 331.05790 -18.82791 10007.71  3753.06 2.93 2.06 -19.4 -0.413 19.73 21.69 04a59818o0403c
59818.151839  19.861  0.213    41    9 c  0   1.35 331.05790 -18.82791  9990.52  3714.60 2.89 2.02 -18.7 -0.408 19.71 21.71 04a59818o0408c
59818.152289  19.839  0.434    42   18 c  0   0.77 331.05790 -18.82791    50.96  3691.15 2.96 2.02  46.3 -0.342 19.73 21.72 04a59818o0409c
59818.178820  19.890  0.213    40    9 c  0   1.27 331.05790 -18.82791 10073.22  3787.51 3.04 2.07 -21.5 -0.395 19.75 21.81 04a59818o0462c
59818.189857  20.234  0.311    29    9 c  0   0.99 331.05790 -18.82791 10104.12  3668.15 3.11 2.14 -20.2 -0.384 19.74 21.82 04a59818o0486c
59818.894254  19.453  0.195    60   12 o  0   0.65 331.05790 -18.82791  7932.69  1962.17 2.36 2.25 -25.5 -0.446 19.62 21.22 03a59819o0381o
59818.896963  19.691  0.241    48   12 o  0   0.85 331.05790 -18.82791  7913.62  1924.53 2.24 2.09 -10.3 -0.475 19.68 21.21 03a59819o0387o
59818.900116  19.719  0.206    47   10 o  0   1.09 331.05790 -18.82791  7968.94  2003.21 2.36 2.10 -16.9 -0.426 19.63 21.20 03a59819o0394o
59818.923961  20.229  0.272    29    8 o  0   1.45 331.05790 -18.82791  7988.26  1890.08 2.22 2.00 -47.9 -0.435 19.69 21.20 03a59819o0442o
59820.115604  20.159  0.795    31   25 o  0   0.98 331.05790 -18.82791  2516.38  8534.12 4.40 3.85 -15.8 -0.359 18.78 20.51 03a59820o0459o
59820.119349  19.539  0.438    56   24 o  0   0.93 331.05790 -18.82791  2536.68  8572.58 3.98 3.46  -7.9 -0.424 18.80 20.47 03a59820o0467o
59820.126147  19.298  0.404    69   28 o  0   1.10 331.05790 -18.82791  2490.41  8497.57 5.13 4.63 -19.7 -0.289 18.55 20.40 03a59820o0481o
59821.171385  19.927  0.330    39   13 c  0   1.56 331.05790 -18.82791    55.41  3799.22 2.71 1.95  42.6 -0.364 19.78 21.75 04a59821o0376c
59821.188647  19.889  0.222    40    9 c  0   1.24 331.05790 -18.82791   656.60  6856.76 2.53 2.13  75.6 -0.373 19.77 21.70 04a59821o0411c
59821.224230  20.326  0.336    27    9 c  0   1.05 331.05790 -18.82791   689.52  6856.70 2.50 2.08  84.6 -0.379 19.75 21.74 04a59821o0482c
59821.228155  20.219  0.251    30    8 c  0   1.68 331.05790 -18.82791   629.94  6777.67 2.51 2.08  79.1 -0.379 19.76 21.75 04a59821o0488c
59821.233761  20.138  0.283    32    9 c  0   1.03 331.05790 -18.82791   611.20  6888.65 2.64 2.17  84.8 -0.364 19.77 21.74 04a59821o0498c
59822.196487  20.202  0.284    30    9 c  0   0.98 331.05790 -18.82791   663.01  6844.06 2.57 2.21  83.2 -0.372 19.77 21.79 04a59822o0512c
59822.199651  20.123  0.272    32    9 c  0   1.15 331.05790 -18.82791   682.92  6879.87 2.69 2.22 -89.3 -0.361 19.73 21.80 04a59822o0519c
59822.205068  20.020  0.220    36    8 c  0   1.13 331.05790 -18.82791   626.95  6796.58 2.49 2.15  89.6 -0.376 19.74 21.77 04a59822o0531c
59822.215565  19.513  0.178    57   10 c  0   1.06 331.05790 -18.82791   609.59  6902.68 2.65 2.25  87.1 -0.366 19.73 21.76 04a59822o0554c
59823.884848  19.375  0.200    65   13 o  0   1.16 331.05790 -18.82791  1070.51  7405.27 2.66 2.39 -36.5 -0.384 19.38 20.90 03a59824o0268o
59823.904813  20.507  0.516    23   12 o  0   1.11 331.05790 -18.82791  1042.53  7368.15 2.67 2.43 -38.6 -0.379 19.41 21.02 03a59824o0307o
59823.907965  19.387  0.212    64   14 o  0   0.87 331.05790 -18.82791  1096.75  7447.86 2.74 2.45 -30.3 -0.379 19.39 21.04 03a59824o0314o
59823.928900  19.551  0.188    55   10 o  0   1.08 331.05790 -18.82791  9288.02  3172.21 2.31 2.06 -53.1 -0.405 19.53 21.12 03a59824o0356o
59825.191398  19.420  0.195    62   12 o  0   1.36 331.05790 -18.82791  1097.89  1006.42 2.92 1.95  46.3 -0.406 19.45 20.87 04a59825o0426o
59825.194574  19.444  0.229    61   14 o  0   1.24 331.05790 -18.82791  1118.42  1043.21 2.85 1.86  46.5 -0.414 19.47 20.87 04a59825o0433o
59825.200286  20.297  0.464    28   13 o  0   0.74 331.05790 -18.82791  1059.38   959.28 2.72 1.87  47.6 -0.417 19.50 20.88 04a59825o0445o
59825.203539  19.719  0.258    47   12 o  0   1.08 331.05790 -18.82791  1041.67  1072.56 2.70 1.84  46.5 -0.423 19.48 20.91 04a59825o0451o
59826.107159  19.399  0.244    63   15 o  0   1.36 331.05790 -18.82791  9579.59  9591.59 2.77 2.53  44.2 -0.391 19.31 20.46 04a59826o0300o
59826.108965  19.457  0.274    60   16 o  0   1.24 331.05790 -18.82791  9559.66  9552.59 2.81 2.62  52.1 -0.370 19.28 20.48 04a59826o0304o
59826.122068  19.299  0.240    69   17 o  0   1.12 331.05790 -18.82791  9629.53  9629.23 2.72 2.65  28.1 -0.381 19.29 20.50 04a59826o0330o
59826.125229  19.984  0.421    37   16 o  0   1.00 331.05790 -18.82791  9650.32  9511.56 2.74 2.53  27.6 -0.391 19.32 20.50 04a59826o0337o
59828.040286  20.047  0.573    35   20 o  0   1.05 331.05790 -18.82791  9344.20  3098.38 2.38 2.15 -53.6 -0.400 18.80 19.44 03a59828o0141o
59828.047703  19.404  0.324    63   20 o  0   1.37 331.05790 -18.82791  9369.80  3138.94 2.49 2.31 -42.3 -0.409 18.72 19.41 03a59828o0157o
59829.062854  20.334  1.376    27   37 o  0   1.27 331.05790 -18.82791  9561.53  9589.29 2.96 2.73  34.5 -0.357 18.35 18.66 04a59829o0199o
59829.064657  18.946  0.436    96   42 o  0   0.74 331.05790 -18.82791  9541.64  9551.17 2.92 2.68  34.6 -0.355 18.38 18.67 04a59829o0203o
59829.073216  18.950  0.346    96   33 o  0   1.41 331.05790 -18.82791  9623.86  9511.91 3.09 2.83  38.5 -0.319 18.35 18.70 04a59829o0222o
59834.141164  19.577  0.437    54   23 o  0   1.12 331.05790 -18.82791  9320.77  1110.83 3.11 2.18 -29.8 -0.348 18.70 19.16 04a59834o0378o
59834.144429  20.114  0.814    33   27 o  0   0.93 331.05790 -18.82791  9340.59  1147.14 3.22 2.19 -30.7 -0.337 18.71 19.16 04a59834o0385o
59834.152723  19.721  0.569    47   27 o  0   0.89 331.05790 -18.82791  9283.85  1061.41 3.12 2.14 -29.3 -0.348 18.71 19.18 04a59834o0402o
59834.163928  19.800  0.592    44   26 o  0   1.29 331.05790 -18.82791  9266.69  1167.35 3.03 2.12 -28.2 -0.366 18.72 19.21 04a59834o0424o
59834.885885  19.358  0.325    66   21 o  0   1.01 331.05790 -18.82791  4731.57  7017.64 2.38 2.08 -54.1 -0.402 18.83 19.36 03a59835o0366o
59834.890035  19.462  0.376    60   22 o  0   0.71 331.05790 -18.82791  4747.86  7057.58 2.34 2.06 -53.0 -0.411 18.83 19.36 03a59835o0375o
59834.924215  19.814  0.459    43   20 o  0   1.47 331.05790 -18.82791  4679.89  6983.43 2.28 2.03 -52.5 -0.410 18.83 19.26 03a59835o0448o
59834.941448  18.976  0.284    93   26 o  0   0.89 331.05790 -18.82791  4652.10  7100.69 2.31 2.02 -46.6 -0.403 18.78 19.19 03a59835o0485o
59835.919328  19.547  0.276    55   15 o  0   1.36 331.05790 -18.82791  4719.54  7024.74 2.39 2.07 -47.9 -0.392 19.05 19.79 03a59836o0440o
59835.922938  19.685  0.405    48   20 o  0   0.84 331.05790 -18.82791  4735.54  7063.98 2.41 2.11 -48.6 -0.402 19.03 19.76 03a59836o0448o
59835.929306  19.456  0.244    60   15 o  0   1.63 331.05790 -18.82791  4677.57  6987.46 2.34 2.06 -44.4 -0.403 19.02 19.76 03a59836o0462o
59835.953503  19.594  0.396    53   21 o  0   0.69 331.05790 -18.82791  4650.29  7103.78 2.30 2.07 -42.7 -0.410 19.02 19.71 03a59836o0514o
59841.155361  19.368  0.217    65   14 o  0   0.67 331.05790 -18.82791  7481.57  3115.36 2.35 1.92 -23.0 -0.415 19.50 20.97 04a59841o0402o
59841.158770  19.916  0.297    39   12 o  0   0.91 331.05790 -18.82791  7501.96  3150.86 2.41 1.99 -22.2 -0.403 19.48 21.03 04a59841o0409o
59841.164801  19.317  0.142    68   10 o  0   1.76 331.05790 -18.82791  7445.17  3069.76 2.52 2.08 -23.7 -0.400 19.43 21.00 04a59841o0420o
59841.182297  19.598  0.214    53   11 o  0   1.28 331.05790 -18.82791  7425.98  3172.93 2.45 2.00 -21.2 -0.408 19.42 20.97 04a59841o0455o
59842.145401  19.060  0.153    86   13 o  0   0.99 331.05790 -18.82791  7481.76  3123.58 2.54 2.13 -16.1 -0.392 19.34 20.89 04a59842o0366o
59842.148554  18.916  0.137    98   14 o  0   0.79 331.05790 -18.82791  7500.80  3158.68 2.58 2.13 -19.4 -0.397 19.29 20.85 04a59842o0373o
59842.176404  19.128  0.143    81   12 o  0   1.62 331.05790 -18.82791  7446.23  3059.47 2.53 2.12 -25.7 -0.406 19.35 20.86 04a59842o0430o
59842.183155  19.795  0.266    44   12 o  0   1.66 331.05790 -18.82791  7426.13  3170.46 2.65 2.28 -24.3 -0.394 19.25 20.75 04a59842o0442o
59843.936030  18.998  0.173    91   16 c  0   1.29 331.05790 -18.82791  5436.22  3190.52 2.49 2.25 -36.3 -0.406 19.09 21.81 03a59844o0356c
59843.939638  18.624  0.124   129   16 c  0   1.17 331.05790 -18.82791  5454.55  3229.55 2.48 2.17 -24.6 -0.406 19.10 21.72 03a59844o0364c
59843.946408  18.752  0.149   115   17 c  0   0.84 331.05790 -18.82791  5397.92  3150.70 2.62 2.30 -22.1 -0.407 19.03 21.71 03a59844o0379c
59843.967247  18.808  0.160   109   17 c  0   1.17 331.05790 -18.82791  5375.02  3265.39 2.62 2.30 -23.4 -0.397 18.97 21.60 03a59844o0424c
59845.105746  18.483  0.085   147   12 o  0   0.82 331.05790 -18.82791  7461.61  3154.69 2.32 1.89 -21.4 -0.415 19.56 21.11 04a59845o0286o
59845.110571  18.503  0.090   144   13 o  0   0.99 331.05790 -18.82791  7484.91  3187.46 2.27 1.87 -15.9 -0.424 19.56 21.08 04a59845o0296o
59845.113541  18.424  0.077   155   12 o  0   1.12 331.05790 -18.82791  7427.39  3106.86 2.27 1.87 -16.8 -0.419 19.54 21.10 04a59845o0302o
59845.146054  18.488  0.079   146   12 o  0   1.25 331.05790 -18.82791  7419.82  3190.97 2.29 1.85 -19.5 -0.413 19.53 21.04 04a59845o0368o
59846.274385  18.346  0.100   167   17 o  0   1.05 331.05790 -18.82791  7458.89  3073.66 2.43 2.19 -20.4 -0.398 19.21 20.55 04a59846o0544o
59846.302091  18.592  0.146   133   19 o  0   1.17 331.05790 -18.82791  7454.84  3116.73 2.87 2.53 -21.3 -0.363 18.84 20.22 04a59846o0596o
59846.306293  18.627  0.146   129   19 o  0   0.95 331.05790 -18.82791  7392.73  3040.39 2.49 2.20 -18.5 -0.384 18.95 20.17 04a59846o0604o
59846.316153  18.393  0.121   160   19 o  0   0.91 331.05790 -18.82791  7362.18  3160.85 2.47 2.05 -19.1 -0.392 18.82 20.08 04a59846o0621o
59849.139413  18.601  0.906   132  119 o  0   1.39 331.05790 -18.82791  6947.07  8916.23 2.52 2.11 -67.2 -0.396 16.71 18.08 04a59849o0364o
59849.142565  17.988  0.080   232   18 o  0   1.30 331.05790 -18.82791  6967.31  8951.82 2.59 2.18 -70.5 -0.394 18.68 20.11 04a59849o0371o
59849.148873  17.984  0.056   232   13 o  0   1.35 331.05790 -18.82791  6909.20  8868.39 2.67 2.26 -61.9 -0.388 19.46 21.00 04a59849o0385o
59849.161235  17.241  0.523   461  241 o  0   1.25 331.05790 -18.82791  6891.45  8976.62 2.59 2.16 -73.1 -0.403 15.98 17.41 04a59849o0410o
59850.833322  17.684  0.053   306   16 c  0   1.04 331.05790 -18.82791 10516.57  6918.63 2.61 2.23 -57.5 -0.377 19.26 21.20 03a59851o0234c
59850.871028  17.624  0.033   324   11 c  0   1.19 331.05790 -18.82791 10466.09  6885.73 2.52 2.15 -58.7 -0.381 19.85 21.78 03a59851o0314c
59850.875124  17.702  0.034   301   10 c  0   1.31 331.05790 -18.82791   506.16  6678.12 2.47 2.23 -52.7 -0.404 19.84 21.79 03a59851o0323c
59850.877827  17.615  0.029   327    9 c  0   1.37 331.05790 -18.82791 10439.33  7000.74 2.52 2.15 -57.4 -0.384 19.84 21.77 03a59851o0329c
59850.878728  17.586  0.028   336    9 c  0   1.78 331.05790 -18.82791   521.85  6716.59 2.38 2.16 -56.0 -0.401 19.86 21.80 03a59851o0331c
59850.914688  17.819  0.040   271   11 c  0  37.67 331.05790 -18.82791   460.93  6645.06 2.34 2.15 -45.6 -0.405 19.74 21.59 03a59851o0406c
59850.920547  17.572  0.043   340   14 c  0   0.90 331.05790 -18.82791   435.05  6759.76 2.35 2.15 -48.7 -0.400 19.55 21.42 03a59851o0419c
59851.955835  17.592  0.146   333   49 c  0   0.88 331.05790 -18.82791 10497.51  6927.36 2.92 2.54 -61.6 -0.359 17.86 19.71 03a59852o0030c
59851.963738  17.357  0.062   414   26 c  0   1.10 331.05790 -18.82791 10517.73  6964.78 2.99 2.54 -60.8 -0.353 18.62 20.44 03a59852o0047c
59851.983398  17.835  0.082   267   22 c  0   1.59 331.05790 -18.82791 10469.02  6882.87 2.88 2.64 -57.5 -0.351 18.49 20.29 03a59852o0088c
59851.998236  17.715  0.271   298   81 c  0   1.15 331.05790 -18.82791 10447.23  6989.28 3.04 2.54 -61.0 -0.471 16.89 18.78 03a59852o0119c
59853.087167  17.597  0.045   332   15 o  0   0.87 331.05790 -18.82791  6926.91  8957.53 2.45 2.20 -80.0 -0.381 19.37 20.72 04a59853o0240o
59853.089492  17.581  0.041   337   14 o  0   1.56 331.05790 -18.82791  6946.64  8993.93 2.49 2.29 -63.9 -0.370 19.38 20.72 04a59853o0245o
59853.121870  17.607  0.048   329   16 o  0   0.79 331.05790 -18.82791  6904.05  8883.55 2.58 2.24 -67.1 -0.392 19.45 20.97 04a59853o0314o
59853.126574  17.527  0.036   354   13 o  0   1.38 331.05790 -18.82791  6885.45  8995.25 2.51 2.23 -65.5 -0.401 19.52 21.01 04a59853o0323o
59854.120005  17.509  0.042   360   15 o  0   1.50 331.05790 -18.82791  6943.71  8917.78 2.63 2.21 -66.5 -0.400 19.29 20.56 04a59854o0307o
59854.123157  17.524  0.047   355   17 o  0   1.25 331.05790 -18.82791  6962.91  8954.48 2.61 2.26 -61.4 -0.382 19.30 20.54 04a59854o0314o
59854.130604  17.537  0.043   351   15 o  0   1.19 331.05790 -18.82791  6906.03  8870.27 2.58 2.22 -63.9 -0.385 19.29 20.57 04a59854o0330o
59854.140968  17.617  0.050   326   16 o  0   0.97 331.05790 -18.82791  6886.93  8979.67 2.63 2.26 -68.9 -0.373 19.27 20.56 04a59854o0353o
59854.849322  17.419  0.049   391   19 o  0   0.74 331.05790 -18.82791 10505.57  6924.60 2.73 2.08 -58.9 -0.435 19.32 20.42 03a59855o0268o
59854.852483  17.499  0.045   364   16 o  0   1.10 331.05790 -18.82791 10522.61  6964.09 2.73 2.07 -58.8 -0.380 19.30 20.42 03a59855o0275o
59854.856133  17.474  0.045   372   17 o  0   1.02 331.05790 -18.82791   507.12  6676.74 2.63 2.25 -62.3 -0.398 19.34 20.49 03a59855o0283o
59854.858397  17.501  0.043   363   16 o  0   1.27 331.05790 -18.82791 10463.87  6885.20 2.77 2.09 -57.8 -0.387 19.28 20.42 03a59855o0288o
59854.859298  17.522  0.044   356   16 o  0   1.31 331.05790 -18.82791   524.28  6716.43 2.47 2.13 -64.6 -0.404 19.37 20.50 03a59855o0290o
59854.867819  17.459  0.048   377   18 o  0   1.06 331.05790 -18.82791   465.06  6639.27 2.51 2.14 -61.2 -0.399 19.34 20.49 03a59855o0308o
59854.869170  17.594  0.052   333   17 o  0   0.96 331.05790 -18.82791 10438.78  7001.42 2.74 2.16 -57.9 -0.377 19.29 20.41 03a59855o0311o
59854.877753  17.518  0.044   357   16 o  0   1.10 331.05790 -18.82791   438.39  6756.37 2.52 2.14 -63.4 -0.395 19.36 20.48 03a59855o0330o
59855.802184  17.237  0.283   462  131 o  0   1.32 331.05790 -18.82791  9347.76  9627.72 3.10 2.49 -43.7 -0.433 17.03 17.79 03a59856o0155o
59855.804896  17.259  0.110   453   50 o  0   1.39 331.05790 -18.82791  9330.11  9586.91 2.92 2.32 -43.2 -0.445 18.29 18.96 03a59856o0161o
59855.808061  17.411  0.067   394   26 o  0   1.49 331.05790 -18.82791  9385.87  9665.44 2.85 2.27 -46.5 -0.449 18.68 19.30 03a59856o0168o
59855.824757  17.399  0.090   398   36 o  0   1.15 331.05790 -18.82791  1029.53   936.03 2.63 2.29 -70.3 -0.421 18.33 18.86 03a59856o0203o
59860.893912  17.550  0.118   347   41 o  0   0.80 331.05790 -18.82791  1066.89   872.03 2.45 2.14 -62.8 -0.415 18.23 18.25 03a59861o0362o
59860.897119  17.499  0.115   363   42 o  0   1.05 331.05790 -18.82791  1085.75   911.68 2.44 2.14 -68.8 -0.417 18.25 18.20 03a59861o0369o
59860.902608  17.411  0.097   394   38 o  0   1.34 331.05790 -18.82791  1026.89   832.13 2.67 2.36 -60.7 -0.428 18.11 18.18 03a59861o0381o
59860.938091  17.403  0.113   397   45 o  0   0.84 331.05790 -18.82791  1008.27   949.78 2.55 2.23 -67.1 -0.411 18.16 18.19 03a59861o0458o
59861.101638  17.946  0.156   241   38 o  0   0.96 331.05790 -18.82791  8626.64  4958.03 2.75 2.06 -18.9 -0.418 18.26 18.49 04a59861o0271o
59861.104827  17.353  0.081   416   34 o  0   1.34 331.05790 -18.82791  8646.37  4994.24 2.65 2.10 -22.9 -0.409 18.24 18.39 04a59861o0278o
59861.110229  17.590  0.138   334   46 o  0   0.81 331.05790 -18.82791  8588.12  4911.66 2.60 1.95 -21.7 -0.420 18.27 18.29 04a59861o0290o
59861.129190  17.412  0.101   394   40 o  0   1.32 331.05790 -18.82791  8571.31  5015.59 2.60 2.03 -21.3 -0.406 18.24 18.22 04a59861o0330o
59862.171012  17.447  0.112   381   43 o  0   0.64 331.05790 -18.82791  8627.87  4920.15 2.53 1.94 -22.9 -0.418 18.18 18.26 04a59862o0403o
59862.174167  17.646  0.134   317   42 o  0   0.92 331.05790 -18.82791  8646.43  4958.51 2.49 1.91 -21.4 -0.435 18.22 18.24 04a59862o0410o
59862.180057  17.607  0.139   329   46 o  0   0.79 331.05790 -18.82791  8589.23  4879.56 2.50 1.89 -24.6 -0.416 18.22 18.22 04a59862o0423o
59862.190898  17.375  0.098   407   40 o  0   1.28 331.05790 -18.82791  8561.78  4992.81 2.60 2.07 -23.1 -0.401 18.06 18.12 04a59862o0446o
59865.108050  17.323  0.048   427   20 o  0   1.75 331.05790 -18.82791  8748.55  6883.32 2.55 2.07 -24.6 -0.431 19.13 20.06 04a59865o0283o
59865.111202  17.529  0.063   354   22 o  0   1.23 331.05790 -18.82791  8767.69  6919.77 2.55 2.13 -26.6 -0.417 19.06 20.03 04a59865o0290o
59865.116775  17.531  0.070   353   25 o  0   0.96 331.05790 -18.82791  8707.84  6838.83 2.42 2.07 -31.6 -0.446 19.09 20.00 04a59865o0302o
59865.127292  17.373  0.062   408   25 o  0   0.95 331.05790 -18.82791  8689.81  6948.57 2.42 2.07 -34.0 -0.439 19.06 19.94 04a59865o0325o
59866.049251  17.703  0.060   301   18 o  0   1.14 331.05790 -18.82791  8730.72  6933.34 2.73 2.38 -20.2 -0.412 19.17 20.49 04a59866o0151o
59866.052872  17.700  0.060   302   18 o  0   0.93 331.05790 -18.82791  8751.79  6968.17 2.75 2.22 -14.4 -0.416 19.20 20.47 04a59866o0159o
59866.059304  17.640  0.059   319   19 o  0   0.89 331.05790 -18.82791  8695.17  6884.54 2.79 2.31 -18.0 -0.411 19.19 20.53 04a59866o0172o
59866.069844  17.540  0.047   350   16 o  0   1.22 331.05790 -18.82791  8680.37  6989.55 2.81 2.29 -18.4 -0.406 19.24 20.52 04a59866o0195o
59866.817118  17.639  0.053   320   17 o  0   1.40 331.05790 -18.82791  9278.40  1156.58 3.01 2.70 -52.2 -0.411 19.01 20.59 03a59867o0182o
59866.820306  17.539  0.065   350   23 o  0   1.14 331.05790 -18.82791  9295.15  1197.43 3.28 2.91 -58.3 -0.396 18.75 20.39 03a59867o0189o
59866.825718  17.728  0.056   294   16 o  0   1.25 331.05790 -18.82791  9236.31  1118.88 3.00 2.65 -63.2 -0.409 19.00 20.56 03a59867o0201o
59866.845994  17.658  0.055   314   17 o  0   1.16 331.05790 -18.82791  9207.66  1238.38 2.81 2.45 -57.4 -0.423 19.06 20.68 03a59867o0244o
59869.046601  17.787  0.045   279   12 c  0   1.26 331.05790 -18.82791  8734.17  6925.49 3.02 2.61 -11.4 -0.397 19.45 21.41 04a59869o0137c
59869.054564  17.768  0.050   284   14 c  0   0.98 331.05790 -18.82791  8756.09  6958.05 3.14 2.65 -19.5 -0.374 19.40 21.43 04a59869o0154c
59869.061648  17.774  0.042   282   12 c  0   1.42 331.05790 -18.82791  8699.62  6872.24 2.95 2.49 -26.6 -0.385 19.48 21.43 04a59869o0168c
59869.064802  17.793  0.044   277   12 c  0   1.42 331.05790 -18.82791  8681.38  6985.22 2.91 2.33 -23.2 -0.404 19.54 21.43 04a59869o0175c
59870.111560  17.793  0.042   277   12 c  0   1.61 331.05790 -18.82791  8752.57  6873.66 2.86 2.43 -32.0 -0.391 19.55 21.54 04a59870o0283c
59870.114361  17.895  0.048   252   12 c  0   1.25 331.05790 -18.82791  8769.85  6911.06 2.83 2.38 -32.9 -0.395 19.56 21.53 04a59870o0289c
59870.119765  17.322  0.029   428   12 c  0  21.70 331.05790 -18.82791  8710.15  6829.28 2.86 2.41 -30.0 -0.390 19.53 21.52 04a59870o0301c
59870.131122  17.883  0.046   255   12 c  0   1.29 331.05790 -18.82791  8689.57  6941.42 2.84 2.48 -31.2 -0.387 19.53 21.50 04a59870o0326c
59870.895270  17.736  0.049   292   14 o  0   1.76 331.05790 -18.82791  9263.01  1161.55 2.61 2.23 -67.0 -0.429 19.34 20.84 03a59871o0018o
59870.898899  17.785  0.053   279   15 o  0   1.21 331.05790 -18.82791  9283.13  1201.62 2.61 2.19 -66.5 -0.425 19.32 20.84 03a59871o0026o
59870.904319  17.724  0.047   295   14 o  0   1.38 331.05790 -18.82791  9226.04  1119.76 2.57 2.15 -67.2 -0.433 19.27 20.75 03a59871o0038o
59870.917035  17.822  0.056   270   15 o  0   1.22 331.05790 -18.82791  9204.65  1236.64 2.64 2.23 -65.7 -0.425 19.21 20.64 03a59871o0066o
59871.818558  17.772  0.047   283   13 o  0   1.21 331.05790 -18.82791  7383.06  3148.84 2.42 2.02 -58.2 -0.422 19.35 20.66 03a59872o0136o
59871.821261  17.832  0.055   267   15 o  0   1.19 331.05790 -18.82791  7400.43  3188.33 2.44 2.08 -59.2 -0.420 19.34 20.66 03a59872o0142o
59871.839375  17.800  0.051   275   14 o  0   1.18 331.05790 -18.82791  7314.68  3226.46 2.35 2.00 -56.1 -0.431 19.37 20.68 03a59872o0181o
59873.109431  17.999  0.040   229    9 c  0   1.79 331.05790 -18.82791  6815.56  6952.20 2.42 2.08 -62.0 -0.402 19.60 21.35 04a59873o0272c
59873.114410  18.080  0.054   213   12 c  0   0.98 331.05790 -18.82791  6836.17  6988.79 2.46 2.08 -53.9 -0.402 19.62 21.35 04a59873o0283c
59873.117231  18.046  0.050   220   11 c  0   1.22 331.05790 -18.82791  6775.96  6908.93 2.36 2.04 -50.7 -0.405 19.60 21.33 04a59873o0289c
59873.128187  18.159  0.055   198   11 c  0   0.92 331.05790 -18.82791  6754.82  7020.21 2.36 2.04 -58.5 -0.399 19.61 21.33 04a59873o0313c
59874.040481  18.096  0.055   210   11 c  0   1.38 331.05790 -18.82791  6801.61  7001.34 2.51 2.36 -25.5 -0.388 19.43 21.13 04a59874o0120c
59874.043634  18.102  0.058   209   12 c  0   1.10 331.05790 -18.82791  6821.63  7036.85 2.62 2.46 -31.6 -0.383 19.39 21.12 04a59874o0127c
59874.053803  18.050  0.052   219   11 c  0   1.58 331.05790 -18.82791  6764.89  6953.50 2.59 2.30 -28.6 -0.396 19.43 21.13 04a59874o0148c
59874.060110  18.089  0.063   211   13 c  0   0.80 331.05790 -18.82791  6747.19  7063.49 2.60 2.34 -27.2 -0.381 19.43 21.14 04a59874o0162c
59874.803284  17.645  0.189   318   60 o  0   1.08 331.05790 -18.82791  7386.57  3148.60 2.53 2.24 -57.3 -0.411 17.58 18.91 03a59875o0141o
59874.805987  17.787  0.185   279   52 o  0   0.82 331.05790 -18.82791  7403.63  3188.22 2.51 2.25 -57.8 -0.412 17.92 19.28 03a59875o0147o
59874.811416  18.135  0.160   202   32 o  0   1.90 331.05790 -18.82791  7345.50  3110.38 2.45 2.15 -57.0 -0.424 18.14 19.47 03a59875o0159o
59874.822665  17.906  0.089   250   22 o  0   1.42 331.05790 -18.82791  7319.35  3226.77 2.55 2.31 -55.7 -0.427 18.62 20.04 03a59875o0183o
59875.856614  18.028  0.405   223   90 o  0   1.42 331.05790 -18.82791  7377.91  3156.02 2.32 2.10 -50.4 -0.443 17.02 18.12 03a59876o0256o
59875.859358  17.941  0.186   242   45 o  0   0.75 331.05790 -18.82791  7394.74  3194.14 2.35 2.11 -55.9 -0.426 18.61 19.79 03a59876o0262o
59875.864795  18.066  0.073   216   16 o  0   1.02 331.05790 -18.82791  7338.27  3114.43 2.36 2.09 -57.8 -0.430 19.15 20.33 03a59876o0274o
59875.881179  17.477  0.335   371  124 o  0   1.53 331.05790 -18.82791  7315.79  3227.10 2.41 2.10 -56.0 -0.423 16.62 17.81 03a59876o0309o
59877.041381  17.997  0.059   230   14 c  0   0.87 331.05790 -18.82791  6804.38  6993.04 2.63 2.33 -32.6 -0.382 19.45 21.20 04a59877o0116c
59877.044544  18.262  0.067   180   12 c  0   1.13 331.05790 -18.82791  6824.42  7029.89 2.58 2.37 -54.2 -0.381 19.46 21.19 04a59877o0123c
59877.059468  18.180  0.057   194   11 c  0   1.27 331.05790 -18.82791  6770.27  6939.09 2.63 2.31 -41.0 -0.387 19.46 21.20 04a59877o0154c
59877.073417  18.207  0.056   189   11 c  0   1.25 331.05790 -18.82791  6753.36  7045.07 2.69 2.32 -49.7 -0.400 19.44 21.25 04a59877o0183c
59878.107291  18.146  0.055   200   11 c  0   1.65 331.05790 -18.82791  6821.78  6946.51 3.14 2.90 -53.3 -0.352 19.25 21.36 04a59878o0260c
59878.111064  18.129  0.063   204   13 c  0   0.82 331.05790 -18.82791  6839.68  6983.78 2.84 2.65 -57.8 -0.367 19.36 21.37 04a59878o0268c
59878.117393  18.159  0.054   198   11 c  0   1.25 331.05790 -18.82791  6780.11  6903.08 2.67 2.43 -54.3 -0.380 19.41 21.35 04a59878o0282c
59878.142896  18.160  0.064   198   13 c  0   1.01 331.05790 -18.82791  6752.47  7010.90 2.76 2.51 -56.6 -0.369 19.38 21.26 04a59878o0337c
59878.963666  17.971  0.085   235   20 o  0   0.88 331.05790 -18.82791  7370.74  3094.02 2.29 2.12 -46.5 -0.440 19.08 20.11 03a59879o0221o
59878.969211  18.007  0.085   228   19 o  0   0.92 331.05790 -18.82791  7420.41  3165.83 2.37 2.07 -59.8 -0.415 18.98 20.03 03a59879o0233o
59878.975012  18.003  0.080   228   18 o  0   1.09 331.05790 -18.82791  7365.94  3084.41 2.42 2.11 -60.0 -0.402 18.93 19.97 03a59879o0244o
59879.796212  18.018  0.073   225   16 o  0   1.29 331.05790 -18.82791  6716.68  8929.59 2.91 2.49 -44.0 -0.407 19.21 20.53 03a59880o0120o
59879.799364  18.200  0.083   190   16 o  0   1.44 331.05790 -18.82791  6734.19  8967.78 2.98 2.52 -50.1 -0.411 19.19 20.51 03a59880o0127o
59879.804785  18.019  0.075   225   17 o  0   0.95 331.05790 -18.82791  6676.45  8887.86 2.99 2.51 -44.5 -0.407 19.19 20.53 03a59880o0139o
59879.819351  17.968  0.069   236   16 o  0   1.17 331.05790 -18.82791  6650.09  9005.22 3.04 2.57 -43.7 -0.410 19.20 20.57 03a59880o0170o
59881.091651  18.238  0.061   184   11 c  0   1.17 331.05790 -18.82791  1220.53  2914.28 2.86 2.23  47.0 -0.366 19.47 21.21 04a59881o0222c
59881.094554  18.152  0.057   199   11 c  0   1.33 331.05790 -18.82791  1241.00  2951.30 2.74 2.14  46.4 -0.374 19.49 21.22 04a59881o0228c
59881.100947  18.330  0.072   169   12 c  0 1422.84 331.05790 -18.82791  1181.41  2870.53 2.87 2.30  48.9 -0.361 19.46 21.24 04a59881o0242c
59881.111530  18.130  0.059   203   12 c  0   0.96 331.05790 -18.82791  1159.48  2982.08 2.77 2.17  46.0 -0.365 19.46 21.24 04a59881o0264c
59882.051164  18.004  0.065   228   15 o  0   1.40 331.05790 -18.82791  1217.50  2937.81 2.68 2.16  49.9 -0.417 19.13 20.36 04a59882o0136o
59882.054317  18.181  0.093   194   18 o  0   1.21 331.05790 -18.82791  1238.07  2973.27 2.73 2.24  53.0 -0.410 19.09 20.37 04a59882o0143o
59882.061956  18.069  0.073   215   16 o  0   1.32 331.05790 -18.82791  1179.17  2891.22 2.70 2.12  51.8 -0.414 19.15 20.41 04a59882o0159o
59882.076734  18.020  0.080   225   18 o  0   0.78 331.05790 -18.82791  1160.64  2997.87 2.66 2.10  53.2 -0.415 19.19 20.40 04a59882o0191o
59883.799035  18.151  0.117   199   23 o  0   1.38 331.05790 -18.82791  6713.81  8932.79 3.09 2.61 -42.1 -0.389 18.73 19.59 03a59884o0120o
59883.802192  18.050  0.107   219   23 o  0   1.22 331.05790 -18.82791  6731.24  8972.03 3.08 2.60 -40.9 -0.392 18.73 19.61 03a59884o0127o
59883.817742  18.359  0.135   165   22 o  0   1.27 331.05790 -18.82791  6673.23  8894.39 3.09 2.50 -41.3 -0.397 18.72 19.52 03a59884o0160o
59883.825055  17.963  0.106   237   25 o  0   1.12 331.05790 -18.82791  6650.94  9009.46 3.12 2.60 -42.6 -0.392 18.74 19.66 03a59884o0176o
59887.794774  17.907  0.135   250   34 o  0   1.12 331.05790 -18.82791  8479.71  5025.82 2.67 2.12 -59.2 -0.374 18.38 18.72 03a59888o0117o
59887.797486  18.014  0.147   226   33 o  0   0.94 331.05790 -18.82791  8498.13  5065.08 2.64 2.12 -58.8 -0.387 18.41 18.69 03a59888o0123o
59887.803139  18.003  0.211   228   48 o  0   1.05 331.05790 -18.82791  8440.84  4986.88 2.60 2.15 -56.4 -0.391 18.44 18.75 03a59888o0134o
59887.822372  17.983  0.165   233   38 o  0   1.04 331.05790 -18.82791  8414.91  5101.79 2.67 2.28 -58.0 -0.383 18.00 18.45 03a59888o0172o
59889.068146  18.645  0.320   126   40 o  0   0.98 331.05790 -18.82791   763.23  8742.69 3.19 2.40 -87.3 -0.343 18.37 18.95 04a59889o0153o
59889.090044  18.143  0.175   201   35 o  0   1.33 331.05790 -18.82791   782.57  8768.68 3.06 2.26 -85.3 -0.343 18.26 18.52 04a59889o0201o
59889.093290  18.124  0.210   204   43 o  0   1.10 331.05790 -18.82791   723.96  8690.33 3.04 2.28 -89.5 -0.340 17.97 18.24 04a59889o0208o
59889.110510  18.504  0.378   144   54 o  0   0.92 331.05790 -18.82791   700.03  8801.22 3.10 2.26 -85.4 -0.330 17.78 17.97 04a59889o0245o
59890.794625  18.373  0.152   162   25 o  0   0.90 331.05790 -18.82791  8477.86  5027.16 2.88 2.28 -57.7 -0.377 18.62 19.24 03a59891o0112o
59890.797947  18.131  0.124   203   25 o  0   1.27 331.05790 -18.82791  8496.39  5067.62 2.89 2.35 -51.6 -0.368 18.60 19.24 03a59891o0119o
59890.804473  18.122  0.118   205   24 o  0   1.25 331.05790 -18.82791  8439.09  4987.83 2.73 2.18 -60.6 -0.387 18.62 19.18 03a59891o0133o
59890.830277  18.267  0.146   179   26 o  0   1.03 331.05790 -18.82791  8413.69  5101.08 2.58 2.09 -59.3 -0.391 18.64 19.09 03a59891o0189o
59891.807075 -15.655  0.618 -1986 1228 o  0   1.25 331.05790 -18.82791  8479.16  5031.90 2.89 2.32 -52.0 -0.421 14.67 14.56 03a59892o0139o
59891.809781  17.470  0.435   373  162 o  0   1.16 331.05790 -18.82791  8497.40  5069.96 2.92 2.38 -45.3 -0.389 16.75 17.16 03a59892o0145o
59891.822626  18.066  0.118   216   26 o  0   0.98 331.05790 -18.82791  8440.50  4989.35 2.97 2.43 -44.7 -0.371 18.52 19.22 03a59892o0173o
59891.828115  17.984  0.109   232   25 o  0   1.36 331.05790 -18.82791  8419.58  5102.47 2.87 2.33 -44.7 -0.371 18.56 19.19 03a59892o0185o
59894.069669  18.177  0.088   195   17 o  0   1.30 331.05790 -18.82791   768.14  8734.99 3.35 2.60 -89.5 -0.338 19.02 20.31 04a59894o0161o
59894.072370  18.417  0.113   156   18 o  0   1.09 331.05790 -18.82791   786.41  8771.53 3.30 2.54 -86.7 -0.343 19.02 20.27 04a59894o0167o
59894.096745  18.253  0.146   182   26 o  0   1.28 331.05790 -18.82791   724.72  8687.77 3.72 3.18 -82.4 -0.323 18.61 19.83 04a59894o0220o
59894.102165  18.779  0.259   112   29 o  0   0.87 331.05790 -18.82791   699.84  8803.22 3.76 3.20 -79.6 -0.306 18.53 19.79 04a59894o0232o
59894.805982  18.458  0.099   150   15 o  0   0.94 331.05790 -18.82791  8478.70  5030.61 2.68 2.23 -56.9 -0.387 19.23 20.50 03a59895o0132o
59894.817025  18.363  0.088   164   14 o  0   1.10 331.05790 -18.82791  8497.63  5068.86 2.69 2.16 -59.4 -0.387 19.24 20.51 03a59895o0156o
59894.819820  18.254  0.078   181   14 o  0   1.05 331.05790 -18.82791  8440.97  4989.05 2.71 2.15 -61.6 -0.388 19.24 20.53 03a59895o0162o
59894.825558  18.306  0.090   173   16 o  0   1.12 331.05790 -18.82791  8418.72  5102.33 2.78 2.29 -58.5 -0.385 19.18 20.54 03a59895o0174o
59895.776328  18.561  0.129   137   18 o  0   1.07 331.05790 -18.82791  8552.02  6960.69 3.04 2.44 -54.2 -0.411 19.12 20.40 03a59896o0040o
59895.779082  18.518  0.122   142   17 o  0   1.21 331.05790 -18.82791  8569.95  7000.53 3.42 2.70 -53.2 -0.404 19.00 20.47 03a59896o0046o
59895.784049  18.429  0.101   154   16 o  0   1.43 331.05790 -18.82791  8512.83  6920.96 3.29 2.62 -55.0 -0.410 19.08 20.52 03a59896o0057o
59895.811018  18.316  0.112   171   19 o  0   1.23 331.05790 -18.82791  8487.34  7035.75 3.58 2.97 -24.2 -0.411 18.88 20.37 03a59896o0114o
59897.055107  18.311  0.082   172   14 o  0   0.84 331.05790 -18.82791  4753.50  5111.76 2.30 2.12 -73.1 -0.395 19.25 20.69 04a59897o0124o
59897.058271  18.386  0.068   160   11 o  0   1.40 331.05790 -18.82791  4771.87  5148.56 2.14 1.96 -67.4 -0.406 19.33 20.67 04a59897o0131o
59897.065036  18.440  0.080   153   12 o  0   1.44 331.05790 -18.82791  4712.11  5068.00 2.29 2.01 -79.0 -0.393 19.26 20.67 04a59897o0146o
59897.086064  18.416  0.085   156   13 o  0   1.21 331.05790 -18.82791  4688.89  5177.13 2.38 2.17 -73.4 -0.387 19.24 20.63 04a59897o0192o
59898.038052  18.590  0.090   133   12 o  0   0.90 331.05790 -18.82791  4746.40  5116.56 2.07 1.86 -66.5 -0.412 19.39 20.74 04a59898o0085o
59898.061312  18.435  0.082   153   12 o  0   1.20 331.05790 -18.82791  4762.55  5143.58 2.07 1.86 -57.1 -0.404 19.32 20.60 04a59898o0133o
59898.064024  18.521  0.087   142   12 o  0   1.31 331.05790 -18.82791  4703.57  5065.37 1.99 1.86 -62.1 -0.417 19.34 20.60 04a59898o0139o
59898.082186  18.491  0.071   146   10 o  0   1.70 331.05790 -18.82791  4679.56  5175.82 1.95 1.78 -61.9 -0.407 19.36 20.58 04a59898o0177o
59898.777928  18.793  0.102   110   11 c  0   1.54 331.05790 -18.82791  8549.46  6962.64 3.16 2.56 -54.5 -0.385 19.43 21.25 03a59899o0058c
59898.780815  18.568  0.100   136   14 c  0   1.05 331.05790 -18.82791  8567.80  7001.68 3.23 2.58 -59.7 -0.385 19.31 21.14 03a59899o0064c
59898.791572  18.813  0.106   108   12 c  0   1.15 331.05790 -18.82791  8510.31  6922.00 3.21 2.55 -59.8 -0.384 19.40 21.26 03a59899o0086c
59898.798345  18.568  0.079   136   11 c  0   1.55 331.05790 -18.82791  8486.69  7036.81 3.20 2.58 -59.2 -0.384 19.45 21.29 03a59899o0100c
59899.810571  18.770  0.095   113   11 c  0   0.94 331.05790 -18.82791  8552.96  6963.78 2.81 2.29 -58.7 -0.391 19.55 21.27 03a59900o0126c
59899.813359  18.898  0.110   100   11 c  0   0.95 331.05790 -18.82791  8570.55  7001.68 3.03 2.38 -58.8 -0.387 19.47 21.28 03a59900o0132c
59899.828169  18.828  0.106   107   11 c  0   0.96 331.05790 -18.82791  8514.74  6920.36 2.86 2.30 -57.7 -0.383 19.50 21.24 03a59900o0164c
59899.837362  18.611  0.096   130   12 c  0   1.60 331.05790 -18.82791  8494.54  7034.95 2.76 2.24 -57.1 -0.387 19.24 20.92 03a59900o0184c
59901.030989  18.707  0.135   119   16 o  0   0.75 331.05790 -18.82791  4749.50  5114.26 2.31 2.09 -65.9 -0.407 19.16 20.47 04a59901o0065o
59901.033692  18.641  0.118   127   15 o  0   0.81 331.05790 -18.82791  4767.24  5151.90 2.40 2.22 -63.3 -0.405 19.14 20.48 04a59901o0071o
59901.043499  18.642  0.109   127   14 o  0   1.08 331.05790 -18.82791  4709.09  5070.16 2.31 2.13 -68.7 -0.405 19.20 20.55 04a59901o0092o
59901.064191  18.694  0.110   121   13 o  0   1.42 331.05790 -18.82791  4684.11  5176.31 2.35 2.08 -74.8 -0.401 19.15 20.49 04a59901o0133o
59902.075961  18.598  0.104   132   14 o  0   1.11 331.05790 -18.82791  4744.73  5097.08 2.16 1.95 -66.9 -0.410 19.24 20.52 04a59902o0163o
59902.145957  18.663  0.136   124   17 o  0   1.16 331.05790 -18.82791  4667.81  5065.96 2.14 2.03 -76.9 -0.401 18.97 20.08 04a59902o0207o
59902.155522  18.552  0.130   138   18 o  0   1.15 331.05790 -18.82791  4642.85  5186.04 2.14 1.99 -76.9 -0.397 18.91 20.01 04a59902o0228o
59902.845712  19.182  0.142    77   11 c  0   1.21 331.05790 -18.82791  8557.57  6955.95 2.74 2.38 -56.2 -0.375 19.43 21.20 03a59903o0202c
59902.848469  18.838  0.098   106   10 c  0   1.69 331.05790 -18.82791  8576.17  6994.01 2.82 2.43 -54.3 -0.379 19.41 21.19 03a59903o0208c
59902.853943  18.935  0.122    97   12 c  0   1.28 331.05790 -18.82791  8521.27  6913.56 2.98 2.59 -56.9 -0.371 19.34 21.17 03a59903o0220c
59902.864998  19.190  0.150    76   12 c  0   1.30 331.05790 -18.82791  8505.13  7026.10 2.87 2.47 -55.3 -0.370 19.36 21.14 03a59903o0244c
59903.773163  19.004  0.126    91   12 c  0   0.99 331.05790 -18.82791  6622.79  6998.74 2.53 2.20 -56.5 -0.383 19.53 20.94 03a59904o0042c
59903.776768  19.225  0.149    74   11 c  0   1.17 331.05790 -18.82791  6640.86  7038.21 2.63 2.26 -57.4 -0.380 19.55 21.13 03a59904o0050c
59903.785225  19.035  0.109    88   10 c  0   1.24 331.05790 -18.82791  6583.37  6959.13 2.50 2.19 -57.7 -0.392 19.63 21.27 03a59904o0068c
59903.795625  19.041  0.115    88   10 c  0   1.31 331.05790 -18.82791  6561.76  7074.16 2.75 2.31 -55.3 -0.383 19.57 21.26 03a59904o0090c
59905.105959  18.508  0.124   144   18 o  0   0.93 331.05790 -18.82791  5002.82  8966.93 2.93 2.29 -80.5 -0.358 19.07 20.34 04a59905o0222o
59905.110150  18.603  0.109   131   14 o  0   1.38 331.05790 -18.82791  5019.25  9006.55 2.97 2.17 -76.7 -0.367 19.07 20.30 04a59905o0231o
59905.115762  18.684  0.117   122   14 o  0   1.49 331.05790 -18.82791  4958.48  8929.91 2.77 2.05 -78.9 -0.383 19.10 20.27 04a59905o0243o
59905.128576  18.614  0.137   130   18 o  0   1.18 331.05790 -18.82791  4930.69  9050.20 2.74 2.15 -82.1 -0.382 19.05 20.19 04a59905o0271o
59906.033780  18.952  0.157    95   15 o  0   1.37 331.05790 -18.82791  5021.01  8977.37 2.95 2.16 -76.1 -0.388 19.02 20.22 04a59906o0063o
59906.036583  18.678  0.132   123   16 o  0   1.15 331.05790 -18.82791  5038.55  9014.65 2.97 2.26 -75.5 -0.371 19.08 20.30 04a59906o0069o
59906.044627  18.517  0.124   142   18 o  0   0.79 331.05790 -18.82791  4981.18  8933.26 2.85 2.13 -74.7 -0.396 19.15 20.35 04a59906o0086o
59906.054725  18.819  0.155   108   17 o  0   1.06 331.05790 -18.82791  4958.27  9048.71 2.95 2.23 -76.8 -0.374 19.12 20.39 04a59906o0108o
59906.773348  19.201  0.161    76   12 c  0   1.30 331.05790 -18.82791  6623.71  7001.09 3.05 2.62 -30.7 -0.359 19.25 20.80 03a59907o0034c
59906.776510  19.462  0.211    60   13 c  0   1.13 331.05790 -18.82791  6639.42  7038.45 3.05 2.60 -36.6 -0.366 19.35 21.03 03a59907o0041c
59906.793622  19.012  0.153    90   14 c  0   1.40 331.05790 -18.82791  6585.12  6959.12 3.89 2.91 -12.8 -0.363 19.19 21.32 03a59907o0077c
59907.845531  18.915  0.110    99   11 c  0   1.70 331.05790 -18.82791  6633.32  6986.19 3.07 2.66 -49.5 -0.370 19.31 21.16 03a59908o0195c
59907.848385  19.435  0.211    61   13 c  0   0.97 331.05790 -18.82791  6653.52  7024.83 3.03 2.66 -48.6 -0.368 19.33 21.16 03a59908o0201c
59907.853945  19.694  0.292    48   14 c  0   1.11 331.05790 -18.82791  6599.24  6944.46 3.32 2.95 -44.1 -0.365 19.25 21.13 03a59908o0213c
59907.873722  19.661  0.265    50   13 c  0   1.10 331.05790 -18.82791  6586.50  7053.48 3.14 2.68 -43.9 -0.361 19.21 21.04 03a59908o0256c
59909.034035  18.828  0.168   107   18 o  0   1.11 331.05790 -18.82791  5018.43  8972.08 2.98 2.15 -78.5 -0.387 19.01 20.18 04a59909o0060o
59909.037244  18.816  0.149   108   16 o  0   1.12 331.05790 -18.82791  5037.39  9009.33 3.06 2.29 -78.0 -0.374 19.02 20.30 04a59909o0067o
59909.043619  18.853  0.169   104   18 o  0   1.08 331.05790 -18.82791  4978.93  8929.23 2.87 2.18 -79.4 -0.387 19.11 20.40 04a59909o0081o
59909.058205  19.096  0.202    84   17 o  0   1.16 331.05790 -18.82791  4955.09  9041.53 2.92 2.13 -78.5 -0.379 19.15 20.40 04a59909o0112o
59910.089207  18.862  0.184   104   19 o  0   1.04 331.05790 -18.82791  5003.96  8964.78 2.90 2.17 -78.8 -0.380 19.01 20.13 04a59910o0179o
59910.092417  18.528  0.145   141   20 o  0   0.90 331.05790 -18.82791  5021.42  9004.50 2.99 2.16 -77.7 -0.370 18.99 20.20 04a59910o0186o
59910.098760  18.625  0.149   129   19 o  0   1.45 331.05790 -18.82791  4960.37  8927.38 2.98 2.18 -77.1 -0.370 18.96 20.17 04a59910o0200o
59910.109960  19.116  0.211    82   17 o  0   1.33 331.05790 -18.82791  4933.29  9047.04 3.07 2.33 -81.0 -0.360 18.91 20.12 04a59910o0224o
59910.806245  19.426  0.193    62   12 c  0   1.21 331.05790 -18.82791  6623.06  7000.02 2.59 2.30 -52.1 -0.384 19.32 20.72 03a59911o0092c
59910.809903  19.493  0.252    58   15 c  0   0.96 331.05790 -18.82791  6641.81  7038.20 2.66 2.35 -52.1 -0.378 19.27 20.71 03a59911o0100c
59910.815478  19.258  0.168    72   12 c  0   1.06 331.05790 -18.82791  6587.32  6958.41 2.60 2.30 -51.7 -0.382 19.32 20.73 03a59911o0112c
59910.830159  19.902  0.341    40   14 c  0   0.73 331.05790 -18.82791  6568.11  7068.83 2.61 2.30 -51.7 -0.377 19.26 20.67 03a59911o0144c
59911.777630  18.946  0.248    96   24 o  0   1.29 331.05790 -18.82791  1129.38  2837.60 2.50 2.11 -67.3 -0.382 18.56 18.97 03a59912o0057o
59911.781240  18.646  0.170   126   22 o  0   1.06 331.05790 -18.82791  1148.21  2876.28 2.50 2.13 -69.6 -0.385 18.82 19.46 03a59912o0065o
59911.791360  18.933  0.216    97   21 o  0   1.13 331.05790 -18.82791  1089.83  2796.36 2.55 2.20 -74.4 -0.379 18.85 19.57 03a59912o0087o
59911.796780  18.612  0.204   130   27 o  0   1.55 331.05790 -18.82791  1067.67  2912.69 2.53 2.20 -74.8 -0.373 18.28 18.85 03a59912o0099o
59915.814821  18.325  0.179   170   30 o  0   0.77 331.05790 -18.82791  1145.56  2834.85 2.85 2.34 -73.1 -0.386 18.61 19.20 03a59916o0117o
59915.818922  19.116  0.318    82   26 o  0   1.05 331.05790 -18.82791  1166.23  2873.49 2.90 2.42 -70.9 -0.387 18.57 19.19 03a59916o0126o
59915.835055  20.957  3.344    15   50 o  0   0.72 331.05790 -18.82791  1114.28  2792.89 2.89 2.44 -69.9 -0.409 18.12 18.65 03a59916o0161o
59915.840969  19.494  0.655    58   38 o  0   0.92 331.05790 -18.82791  1090.96  2906.06 2.90 2.44 -70.0 -0.393 18.16 18.60 03a59916o0174o
59918.030263  19.325  0.494    68   33 o  0   1.24 331.05790 -18.82791  5368.42  1219.99 2.37 2.32   3.2 -0.438 18.17 18.54 04a59918o0039o
59918.033417  19.109  0.436    82   36 o  0   0.80 331.05790 -18.82791  5384.94  1258.15 2.37 2.23 -14.8 -0.426 18.33 18.85 04a59918o0046o
59918.046086  18.906  0.269    99   27 o  0   0.70 331.05790 -18.82791  5321.95  1180.40 2.27 2.11 -18.2 -0.442 18.56 19.13 04a59918o0074o
59918.052395  19.729  0.610    47   28 o  0   0.82 331.05790 -18.82791  5299.12  1297.95 2.35 2.17 -17.4 -0.423 18.51 19.21 04a59918o0088o
59918.826341  12.987  0.695 23175 16107 o  0   0.72 331.05790 -18.82791  1145.77  2836.30 2.94 2.59 -76.0 -0.383 11.69 11.19 03a59919o0130o
59918.829496  14.375  1.123  6458 7250 o  0   0.87 331.05790 -18.82791  1166.44  2875.59 2.99 2.63 -73.9 -0.349 12.50 12.05 03a59919o0137o
59918.836304 -14.133  0.914 -8069 7377 o  0   1.05 331.05790 -18.82791  1110.14  2794.75 3.06 2.59 -77.2 -0.351 12.42 12.04 03a59919o0152o
59921.059268  19.156  0.364    79   29 o  0   1.27 331.05790 -18.82791  2490.80  4720.94 2.47 2.19  74.6 -0.403 18.29 18.83 04a59921o0099o
59921.075128  19.544  0.668    55   37 o  0   0.99 331.05790 -18.82791  2498.58  4761.41 2.63 2.34  73.6 -0.389 18.16 18.70 04a59921o0134o
59921.078300  19.313  0.509    68   35 o  0   1.39 331.05790 -18.82791  2437.58  4684.58 2.48 2.20  74.8 -0.388 18.15 18.69 04a59921o0141o
59921.084160  21.336  3.594    11   38 o  0   1.12 331.05790 -18.82791  2415.21  4803.42 2.52 2.34  78.6 -0.389 18.10 18.64 04a59921o0154o
59926.083239  18.527  0.151   141   21 o  0   1.40 331.05790 -18.82791  2464.54  4730.63 2.65 2.30  79.9 -0.398 18.80 19.97 04a59926o0145o
59926.086439  18.787  0.168   111   19 o  0   1.25 331.05790 -18.82791  2479.31  4770.25 2.49 2.34  62.2 -0.387 18.79 19.98 04a59926o0152o
59926.093019  18.683  0.169   122   21 o  0   1.09 331.05790 -18.82791  2416.63  4697.76 2.43 2.24  60.3 -0.395 18.83 20.00 04a59926o0166o
59926.104859  18.422  0.152   155   24 o  0   1.00 331.05790 -18.82791  2387.25  4819.72 2.76 2.39  67.6 -0.363 18.62 19.86 04a59926o0192o
59929.032919  18.391  0.217   160   35 c  0   1.36 331.05790 -18.82791  3156.29  2779.64 2.79 2.61  36.3 -0.342 18.15 18.95 04a59929o0031c
59929.036073  18.440  0.167   153   26 c  0   1.19 331.05790 -18.82791  3174.72  2818.37 2.73 2.44  37.7 -0.362 18.50 19.55 04a59929o0038c
59929.043758  18.772  0.169   112   19 c  0   0.66 331.05790 -18.82791  3110.95  2741.18 2.77 2.58  47.7 -0.368 18.92 20.49 04a59929o0055c
59929.053691  18.535  0.109   140   15 c  0   1.01 331.05790 -18.82791  3088.16  2860.92 2.88 2.62  29.7 -0.374 19.04 20.83 04a59929o0077c
59934.033756  18.180  0.209   194   40 c  0   1.01 331.05790 -18.82791  3147.06  2780.74 2.65 2.41  35.0 -0.372 17.95 18.67 04a59934o0029c
59934.036912  18.549  0.201   138   28 c  0   1.41 331.05790 -18.82791  3164.93  2820.24 2.60 2.40  28.8 -0.374 18.32 19.28 04a59934o0036c
59934.043231  18.386  0.128   160   20 c  0   1.13 331.05790 -18.82791  3100.74  2744.45 2.56 2.26  35.1 -0.373 18.85 20.15 04a59934o0050c
59934.054042  18.588  0.108   133   14 c  0   1.17 331.05790 -18.82791  3076.99  2866.72 2.44 2.17  36.1 -0.372 19.10 20.62 04a59934o0074c
59934.784128  18.676  0.629   123   77 o  0   1.06 331.05790 -18.82791  8387.78   880.42 2.67 2.31 -59.8 -0.382 17.40 17.16 03a59935o0029o
59934.787281  18.488  0.330   146   48 o  0   1.15 331.05790 -18.82791  8408.91   912.39 2.65 2.31 -63.1 -0.393 17.85 17.87 03a59935o0036o
59934.793621  18.055  0.137   218   30 o  0   1.30 331.05790 -18.82791  8358.91   818.67 2.67 2.36 -61.3 -0.394 18.34 18.88 03a59935o0050o
59934.803644  18.183  0.098   194   19 o  0   1.58 331.05790 -18.82791  8349.72   917.15 2.50 2.28 -59.0 -0.403 18.84 19.76 03a59935o0072o
59937.033991  19.253  0.760    72   55 c  0   1.16 331.05790 -18.82791  2568.89  6655.06 2.75 2.36 -79.7 -0.342 17.63 18.23 04a59937o0027c
59937.037143  18.706  0.314   120   38 c  0   1.28 331.05790 -18.82791  2583.41  6694.84 2.80 2.35 -86.2 -0.347 18.07 18.88 04a59937o0034c
59937.042546  18.285  0.131   176   23 c  0   1.40 331.05790 -18.82791  2523.30  6621.12 2.63 2.22 -89.4 -0.360 18.62 19.73 04a59937o0046c
59937.053488  18.288  0.103   176   18 c  0   1.09 331.05790 -18.82791  2495.89  6742.32 2.69 2.25 -89.6 -0.356 18.98 20.46 04a59937o0070c
59942.037155  17.309  0.499   433  216 o  0   0.83 331.05790 -18.82791  2576.02  6698.66 2.93 2.49 -78.8 -0.399 16.48 16.41 04a59942o0025o
59942.042567  17.988  0.340   232   79 o  0   1.09 331.05790 -18.82791  2514.87  6624.20 2.72 2.27 -87.5 -0.385 17.38 17.47 04a59942o0037o
59942.053853  18.302  0.245   174   42 o  0   0.74 331.05790 -18.82791  2486.84  6747.00 2.64 2.12  89.3 -0.380 18.10 18.52 04a59942o0062o
60052.395431  19.581  0.262    53   14 c  0   0.96 331.05790 -18.82791  3991.76  5570.73 2.05 1.85 -83.8 -0.368 19.23 20.60 04a60052o0872c
60052.412174  19.540  0.254    56   14 c  0   1.15 331.05790 -18.82791  3971.23  5532.61 2.13 1.89 -80.6 -0.367 19.19 20.52 04a60052o0907c
60052.421619  19.311  0.308    68   21 c  0   1.10 331.05790 -18.82791  4030.28  5610.38 2.12 1.88 -83.5 -0.358 18.62 19.45 04a60052o0927c
60052.424403  19.147  0.326    80   26 c  0   1.49 331.05790 -18.82791  4048.99  5495.13 2.11 1.91 -83.8 -0.357 18.25 18.77 04a60052o0933c
60063.122391  19.519  0.270    57   15 o  0   1.24 331.05790 -18.82791  1143.90  7458.28 2.47 2.11 -52.6 -0.403 19.20 20.04 03a60063o0854o
60063.125585  19.134  0.171    81   14 o  0   1.39 331.05790 -18.82791  1125.33  7417.79 2.45 2.11 -56.6 -0.401 19.22 20.06 03a60063o0861o
60063.149895  19.744  0.347    46   16 o  0   0.97 331.05790 -18.82791  1183.24  7490.38 2.31 2.04 -55.4 -0.413 19.30 20.14 03a60063o0906o
60063.155605  19.445  0.254    61   15 o  0   1.14 331.05790 -18.82791  1202.42  7376.98 2.33 1.99 -54.8 -0.412 19.27 20.13 03a60063o0917o
60066.116108  19.485  0.301    58   18 o  0   1.15 331.05790 -18.82791  5039.65  7361.56 2.37 2.10 -49.7 -0.409 19.07 19.86 03a60066o0824o
60066.123867  19.664  0.362    50   18 o  0   1.16 331.05790 -18.82791  5022.00  7320.54 2.47 2.18 -48.0 -0.396 19.02 19.87 03a60066o0838o
60066.127081  19.053  0.201    87   17 o  0   1.14 331.05790 -18.82791  5078.28  7398.58 2.47 2.11 -46.2 -0.394 19.05 19.86 03a60066o0845o
60066.132228  19.780  0.422    44   19 o  0   1.00 331.05790 -18.82791  5099.13  7283.84 2.59 2.22 -44.8 -0.388 19.03 19.88 03a60066o0856o
60067.344518 -22.307  4.941    -4   21 o  0   1.65 331.05790 -18.82791  5157.96  7401.97 2.11 1.78 -79.7 -0.424 18.69 19.25 04a60067o0825o
60067.347710  19.610  0.449    52   23 o  0   1.60 331.05790 -18.82791  5137.07  7363.79 2.02 1.78 -77.2 -0.424 18.75 19.32 04a60067o0832o
60067.354736  18.914  0.248    99   24 o  0   1.06 331.05790 -18.82791  5194.84  7442.22 2.00 1.87 -52.6 -0.413 18.80 19.41 04a60067o0845o
60067.361857  23.856 19.000     1   20 o  0   1.53 331.05790 -18.82791  5213.05  7326.32 1.97 1.76 -77.0 -0.411 18.87 19.58 04a60067o0860o
60068.153252  19.413  0.226    62   14 o  0   1.15 331.05790 -18.82791  9959.30  3851.38 2.20 1.92 -51.8 -0.403 19.16 19.95 03a60068o0981o
60068.156886  19.250  0.213    72   16 o  0   0.94 331.05790 -18.82791  9944.04  3811.63 2.14 1.96 -46.1 -0.416 19.22 20.04 03a60068o0989o
60068.162210  19.275  0.222    71   16 o  0   0.74 331.05790 -18.82791  9998.14  3890.14 2.33 1.93 -54.2 -0.385 19.20 20.11 03a60068o0999o
60068.167321  19.519  0.281    56   16 o  0   0.76 331.05790 -18.82791 10022.03  3773.39 2.16 1.95 -51.9 -0.407 19.20 20.00 03a60068o1009o
60068.175801  19.531  0.438    56   24 o  0   0.73 331.05790 -18.82791  9983.15  3831.77 2.11 1.93 -47.7 -0.420 18.73 19.02 03a60068o1026o
60068.403095  19.344  0.385    66   26 o  0   0.93 331.05790 -18.82791 10008.82  3776.65 2.43 2.27  78.1 -0.427 18.78 19.53 04a60068o0962o
60068.407579  19.870  0.498    41   20 o  0   1.23 331.05790 -18.82791  9990.92  3738.51 2.65 2.23 -20.1 -0.379 18.92 19.69 04a60068o0971o
60068.410862  19.569  0.396    54   21 o  0   0.99 331.05790 -18.82791 10049.96  3815.46 2.46 2.39  61.0 -0.411 18.91 19.73 04a60068o0978o
60068.419172  22.021  3.625     6   20 o  0   1.39 331.05790 -18.82791    49.47  3724.01 2.03 1.87  83.3 -0.407 19.05 19.94 04a60068o0992o
60068.420074  20.911  1.352    16   21 o  0   0.79 331.05790 -18.82791 10071.42  3700.23 2.60 2.18 -18.1 -0.396 19.07 19.97 04a60068o0994o
60068.428588  21.169  2.080    12   26 o  0   0.81 331.05790 -18.82791 10034.06  3758.82 2.59 2.14 -16.8 -0.390 18.72 19.33 04a60068o1010o
60069.093099  19.807  0.696    43   30 o  0   0.89 331.05790 -18.82791  9962.74  3852.74 2.53 2.21 -46.6 -0.363 18.42 18.80 03a60069o0845o
60069.096406  20.284  1.110    28   31 o  0   0.77 331.05790 -18.82791  9944.24  3813.87 2.55 2.27 -50.6 -0.366 18.40 18.85 03a60069o0852o
60069.103855  20.139  0.927    32   30 o  0   0.94 331.05790 -18.82791  9998.85  3892.28 2.59 2.22 -52.6 -0.368 18.44 18.90 03a60069o0867o
60069.119637  20.494  1.166    23   27 o  0   1.06 331.05790 -18.82791 10020.73  3774.46 2.49 2.17 -53.0 -0.372 18.53 19.01 03a60069o0898o
60070.368933  19.390  0.704    64   45 o  0   0.93 331.05790 -18.82791  9593.57  9611.40 2.49 2.30  26.2 -0.454 18.44 18.84 04a60070o0873o
60070.373121  19.599  0.732    52   38 o  0   1.53 331.05790 -18.82791  9573.81  9572.98 2.44 2.12  15.6 -0.486 18.48 18.85 04a60070o0882o
60070.381174  19.253  0.465    72   34 o  0   1.62 331.05790 -18.82791  9633.96  9652.18 2.39 1.94  15.3 -0.469 18.48 18.87 04a60070o0898o
60070.405124  19.120  0.488    82   40 o  0   1.00 331.05790 -18.82791  9656.78  9537.32 2.47 1.95  14.6 -0.458 18.62 18.98 04a60070o0948o
60072.073931  18.779  0.284   112   32 o  0   1.26 331.05790 -18.82791  1217.97  9412.97 2.76 2.40 -33.9 -0.411 18.53 18.97 03a60072o0811o
60072.077603  19.932  0.769    39   30 o  0   1.28 331.05790 -18.82791  1198.44  9372.20 2.57 2.17 -44.3 -0.417 18.62 18.96 03a60072o0819o
60072.101460  19.434  0.490    61   30 o  0   1.19 331.05790 -18.82791  1249.78  9447.54 2.74 2.38 -43.9 -0.421 18.61 19.07 03a60072o0866o
60072.110339  19.748  0.567    46   26 o  0   1.19 331.05790 -18.82791  1272.16  9328.87 2.65 2.31 -47.9 -0.409 18.67 19.11 03a60072o0883o
60073.353505  19.834  0.666    42   28 o  0   0.91 331.05790 -18.82791  1362.38  9543.18 2.43 1.88 -74.0 -0.432 18.68 19.17 04a60073o0806o
60073.356756  19.857  0.587    41   24 o  0   1.14 331.05790 -18.82791  1342.76  9503.28 2.31 1.87 -73.4 -0.447 18.70 19.17 04a60073o0813o
60073.361111  19.708  0.555    48   26 o  0   0.74 331.05790 -18.82791  1401.51  9582.85 2.52 1.88 -75.4 -0.407 18.73 19.21 04a60073o0822o
60073.385549  19.804  0.717    44   31 o  0   0.54 331.05790 -18.82791  1423.91  9466.18 2.51 1.88 -75.9 -0.411 18.77 19.27 04a60073o0873o
60075.102476  19.376  0.367    64   24 o  0   1.08 331.05790 -18.82791  3087.75  7411.11 2.33 2.00 -49.6 -0.381 18.55 18.77 03a60075o0856o
60075.105719  18.899  0.260   100   26 o  0   1.29 331.05790 -18.82791  3068.88  7371.67 2.36 2.06 -52.2 -0.383 18.39 18.59 03a60075o0863o
60075.110356  19.827  0.678    43   29 o  0   0.94 331.05790 -18.82791  3125.28  7450.14 2.35 2.06 -51.1 -0.382 18.54 18.78 03a60075o0873o
60075.126897 -22.352  9.407    -4   39 o  0   1.34 331.05790 -18.82791  3148.05  7331.09 2.34 2.05 -50.6 -0.373 17.98 18.02 03a60075o0905o
60080.153400  20.516  0.498    23   11 c  0   0.92 331.05790 -18.82791  1902.09  3603.28 2.22 2.03 -51.9 -0.416 19.61 21.01 03a60080o0997c
60080.161216  20.472  0.409    24   10 c  0   1.49 331.05790 -18.82791  1888.40  3561.14 2.24 2.10 -34.9 -0.409 19.57 20.98 03a60080o1013c
60080.164068  19.954  0.277    38   10 c  0   0.83 331.05790 -18.82791  1944.38  3640.68 2.21 2.06 -51.3 -0.412 19.59 20.98 03a60080o1019c
60080.167368  20.127  0.366    32   12 c  0   0.97 331.05790 -18.82791  1965.55  3524.96 2.23 2.07 -31.2 -0.409 19.57 20.95 03a60080o1026c
60081.109703 -23.087  4.889    -2   10 c  0   0.91 331.05790 -18.82791  1901.43  3607.90 2.27 2.09 -48.0 -0.411 19.55 20.97 03a60081o0878c
60081.112910  20.454  0.428    24   10 c  0   1.11 331.05790 -18.82791  1882.82  3568.37 2.27 2.08 -51.5 -0.408 19.56 20.95 03a60081o0885c
60081.119299  21.463  1.143     9   11 c  0   1.13 331.05790 -18.82791  1940.73  3645.84 2.27 2.12 -44.5 -0.407 19.47 20.90 03a60081o0899c
60081.131963 -21.327  0.870   -11    9 c  0   1.29 331.05790 -18.82791  1963.23  3528.09 2.25 2.10 -44.0 -0.411 19.51 20.90 03a60081o0924c
60084.113274  20.717  0.667    19   12 c  0   0.84 331.05790 -18.82791  9325.27  7718.64 2.46 2.16 -51.8 -0.390 19.49 21.03 03a60084o0871c
60084.115598  20.210  0.346    30   10 c  0   1.04 331.05790 -18.82791  9306.15  7679.96 2.46 2.17 -50.6 -0.388 19.60 21.16 03a60084o0876c
60084.120798  20.319  0.419    27   11 c  0   0.93 331.05790 -18.82791  9364.99  7757.83 2.46 2.17 -51.7 -0.386 19.61 21.17 03a60084o0887c
60084.135408  21.578  1.074     8    9 c  0   1.20 331.05790 -18.82791  9386.52  7640.73 2.42 2.16 -51.9 -0.384 19.64 21.17 03a60084o0914c
60085.249956 -21.078  1.796   -14   24 o  0   1.24 331.05790 -18.82791  9490.36  7648.03 3.12 2.82 -14.0 -0.338 18.60 19.98 04a60085o0657o
60085.255466  19.390  0.319    64   20 o  0   1.30 331.05790 -18.82791  9465.84  7611.34 3.01 2.72  -8.2 -0.348 18.66 20.05 04a60085o0669o
60085.259574 -20.908  1.453   -16   23 o  0   0.77 331.05790 -18.82791  9523.39  7689.62 2.95 2.71  -5.8 -0.348 18.75 20.10 04a60085o0678o
60085.269562  20.070  0.535    34   18 o  0   1.15 331.05790 -18.82791  9536.92  7574.14 2.73 2.51  -8.5 -0.385 18.86 20.17 04a60085o0700o
60089.166625  20.748  0.595    18   11 c  0   0.93 331.05790 -18.82791  5839.61  5399.90 2.96 2.40  -2.9 -0.372 19.46 21.24 03a60089o1024c
60089.170754  20.715  0.537    19   10 c  0   1.10 331.05790 -18.82791  5897.02  5478.38 2.63 2.31 -19.9 -0.359 19.54 21.20 03a60089o1033c
60089.173938  20.581  0.477    21   10 c  0   1.04 331.05790 -18.82791  5920.53  5363.03 2.60 2.34 -27.2 -0.362 19.55 21.19 03a60089o1040c
60093.119564  23.248  6.333     2   12 c  0   1.64 331.05790 -18.82791  5142.07  9293.66 3.84 3.40 -14.6 -0.328 19.19 21.33 03a60093o0877c
60093.122350  21.346  1.211    10   13 c  0   1.29 331.05790 -18.82791  5123.69  9254.99 3.78 3.15 -10.8 -0.327 19.23 21.34 03a60093o0883c
60093.131763  20.130  0.314    32   10 c  0   2.04 331.05790 -18.82791  5180.29  9333.53 3.31 2.94 -21.4 -0.345 19.35 21.35 03a60093o0902c
60093.139080  20.178  0.439    31   14 c  0   1.04 331.05790 -18.82791  5206.11  9216.15 3.49 3.29 -39.0 -0.344 19.25 21.32 03a60093o0916c
